0 0.5225806453125 0.27715053749999996 0.5155913984375 0.26209677343750004 0.5083333328124999 0.252688171875 0.48467741875000003 0.24247311875 0.468010753125 0.24193548437499998 0.451612903125 0.2556451609375 0.44623655937500006 0.264784946875 0.443010753125 0.277688171875 0.443010753125 0.3018817203125 0.4521505375 0.31639785 0.4599462359375 0.3236559140625 0.47338709687499997 0.3284946234375 0.48924731250000003 0.328763440625 0.5051075265625 0.3231182796875 0.5155913984375 0.31317204374999996 0.5225806453125 0.2932795703125 0.5225806453125 0.27715053749999996
0 0.5333333328125 0.20456989218750002 0.5276881718750001 0.195698925 0.518010753125 0.189784946875 0.4975806453125 0.188709678125 0.490860215625 0.19220430156249999 0.4779569890625 0.2115591390625 0.4725806453125 0.22715053749999997 0.47311827968750003 0.23252688125 0.4771505375 0.23817204374999998 0.5088709671875 0.2521505375 0.514784946875 0.25860215000000003 0.5198924734375 0.2594086015625 0.5276881718750001 0.256989246875 0.5333333328125 0.24758064531250001 0.5360215046875 0.2228494625 0.5333333328125 0.20456989218750002
0 0.62177419375 0.788709678125 0.6236559140625 0.7787634406249999 0.6220430109375 0.7594086015625 0.6139784953125 0.7422043015625001 0.5965053765625 0.7317204296875001 0.585215053125 0.7279569890625 0.5723118281249999 0.7284946234375 0.5551075265625001 0.7354838703125 0.5419354843749999 0.7508064515624999 0.5370967734375001 0.764784946875 0.53817204375 0.773387096875 0.5529569890625 0.7811827953125 0.5706989250000001 0.8053763437500001 0.5801075265625 0.8061827953125 0.58467741875 0.805913978125 0.5970430109375 0.7978494625 0.6072580640624999 0.7956989250000001 0.62177419375 0.788709678125
2 0.5451612906250001 0.08252688124999999 0.547311828125 0.073387096875 0.5456989250000001 0.0508064515625 0.53817204375 0.035215053125 0.5311827953125 0.026612903124999997 0.5120967734375 0.0139784953125 0.47983870937499995 0.0107526875 0.46532258125 0.0139784953125 0.4513440859375 0.0220430109375 0.44139785 0.03467741875 0.44032258124999996 0.075 0.45322580625000003 0.09596774218750001 0.46639785 0.106989246875 0.48252688125 0.1145161296875 0.502688171875 0.115860215625 0.512634409375 0.1145161296875 0.5228494625 0.11021505312499999 0.5376344093750001 0.0975806453125 0.5451612906250001 0.08252688124999999
2 0.6198924734375 0.32177419375 0.6215053765625 0.2975806453125 0.6204301078125 0.2857526875 0.6161290328125 0.274462365625 0.6008064515625 0.255913978125 0.58682795625 0.249462365625 0.5685483875 0.24731182812500002 0.5518817203124999 0.250537634375 0.5268817203125 0.26747311875 0.5247311828125001 0.27338709687499996 0.5231182796875 0.3061827953125 0.5150537640625 0.3142473125 0.5134408609375 0.32446236562499997 0.5188172046874999 0.3389784953125 0.531989246875 0.354301075 0.5534946234375 0.36182795625 0.5747311828125 0.3620967734375 0.5943548390625 0.354301075 0.6029569890625 0.34892473125 0.610215053125 0.3411290328125 0.6198924734375 0.32177419375
2 0.44139785 0.3045698921875 0.44139785 0.28467741874999997 0.4344086015625 0.26209677343750004 0.4185483875 0.244086021875 0.3991935484375 0.23709677343750002 0.374462365625 0.23978494687500002 0.3583333328125 0.2478494625 0.347311828125 0.2615591390625 0.34032258125000003 0.28252688125000003 0.34032258125000003 0.3110215046875 0.346236559375 0.32822580625 0.3620967734375 0.3435483875 0.3860215046875 0.3508064515625 0.4094086015625 0.345161290625 0.42607526875 0.33440860156249996 0.43387096718749996 0.325 0.44139785 0.3045698921875
2 0.345161290625 0.326612903125 0.34032258125000003 0.31209677343750003 0.33870967812499997 0.28467741874999997 0.32392473125 0.2774193546875 0.319086021875 0.2774193546875 0.30537634375 0.29059139843750004 0.298387096875 0.3024193546875 0.29677419375 0.3094086015625 0.298387096875 0.32983870937500004 0.305913978125 0.34435483906250003 0.31532258125 0.35322580625 0.33360215000000004 0.3607526875 0.34784946250000004 0.3610215046875 0.364784946875 0.3564516125 0.37580645156250003 0.3491935484375 0.3620967734375 0.3435483875 0.345161290625 0.326612903125
2 0.39758064531250004 0.2360215046875 0.399462365625 0.234139784375 0.39462365625 0.21263440937500003 0.38709677343750004 0.20134408593750003 0.369086021875 0.1854838703125 0.3529569890625 0.1790322578125 0.337365590625 0.1790322578125 0.31962365625 0.1854838703125 0.3021505375 0.20295698906249998 0.296236559375 0.219086021875 0.29677419375 0.23897849531249998 0.305913978125 0.25887096718749997 0.32231182812500003 0.27688172031249997 0.337634409375 0.281989246875 0.347311828125 0.2599462359375 0.35618279531249997 0.249462365625 0.370161290625 0.240860215625 0.39758064531250004 0.2360215046875
2 0.5779569890625 0.427688171875 0.5768817203125 0.4115591390625 0.5672043015625 0.3814516125 0.5491935484375 0.36182795625 0.5400537640625 0.35752688125 0.529838709375 0.355913978125 0.5104838703125 0.358064515625 0.48360215 0.3677419359375 0.4693548390625 0.385215053125 0.4645161296875 0.41478494687499995 0.46720430156250004 0.43521505312500003 0.4784946234375 0.4545698921875 0.485215053125 0.46182795624999995 0.49274193593750004 0.46666666718750005 0.5061827953125 0.4704301078125 0.5220430109375 0.47123655937500003 0.5486559140625 0.4634408609375 0.56532258125 0.45430107499999994 0.5741935484375 0.4422043015625 0.5779569890625 0.427688171875
2 0.46666666718750005 0.3991935484375 0.46666666718750005 0.376612903125 0.4607526875 0.36317204375 0.43790322656249997 0.34408602187500004 0.424462365625 0.33870967812499997 0.39005376406250003 0.35161290312500004 0.38333333281250004 0.3567204296875 0.36666666718749996 0.379301075 0.35967741875 0.39596774218749997 0.35752688125 0.40833333281249995 0.3607526875 0.427688171875 0.369086021875 0.44139785 0.3970430109375 0.458064515625 0.4040322578125 0.46021505312500005 0.41397849531249997 0.4599462359375 0.431989246875 0.454838709375 0.447311828125 0.4432795703125 0.46182795624999995 0.42069892500000006 0.46666666718750005 0.3991935484375
2 0.64677419375 0.5922043015625 0.6446236562500001 0.584139784375 0.64677419375 0.5556451609375 0.639784946875 0.5357526874999999 0.627688171875 0.5215053765625 0.6029569890625 0.5107526874999999 0.58252688125 0.50967741875 0.5615591390625 0.5150537640625 0.5459677421875 0.5247311828125001 0.5360215046875 0.5362903218749999 0.5295698921875001 0.5529569890625 0.543010753125 0.5932795703125 0.565860215625 0.603763440625 0.5774193546874999 0.612634409375 0.58467741875 0.6365591390625001 0.5954301078124999 0.639784946875 0.602688171875 0.6395161296875 0.6271505375 0.6311827953125 0.639784946875 0.61639785 0.644086021875 0.6072580640624999 0.64677419375 0.5922043015625
2 0.43817204375 0.071236559375 0.43978494687499997 0.0389784953125 0.4360215046875 0.025 0.4301075265625 0.015860215625 0.42069892500000006 0.006989246875000001 0.40779569843749996 0 0.3459677421875 0.000537634375 0.3236559140625 0.018010753125 0.3107526875 0.037903226562499996 0.30806451562500003 0.0642473125 0.31182795625000004 0.078763440625 0.3188172046875 0.09274193593749999 0.329301075 0.10376344062500001 0.3379032265625 0.109139784375 0.35403225781250003 0.1145161296875 0.3731182796875 0.115860215625 0.38844086093749997 0.1139784953125 0.40779569843749996 0.10645161249999999 0.4268817203125 0.0900537640625 0.43817204375 0.071236559375
2 0.30967741875 0.040591398437499995 0.3215053765625 0.01962365625 0.345161290625 0.0002688171875 0.2814516125 0 0.27096774218749997 0.012634409374999999 0.26344086093749997 0.028763440624999997 0.261290321875 0.0486559140625 0.2645161296875 0.063709678125 0.2715053765625 0.075537634375 0.29811827968750004 0.097311828125 0.3094086015625 0.10268817187499998 0.3220430109375 0.1034946234375 0.3274193546875 0.10188172031250001 0.3155913984375 0.0879032265625 0.30752688125 0.063709678125 0.30967741875 0.040591398437499995
2 0.4704301078125 0.5185483875 0.4661290328125 0.5002688171874999 0.4540322578125 0.4838709671875 0.4470430109375 0.47741935468749996 0.43467741875000004 0.4709677421875 0.420161290625 0.4677419359375 0.4040322578125 0.4704301078125 0.39247311875 0.477688171875 0.3827956984375 0.49274193593750004 0.3801075265625 0.5056451609375 0.3822580640625 0.530913978125 0.390860215625 0.5486559140625 0.40510752656250004 0.5639784953125 0.41962365625000003 0.5698924734374999 0.43870967812500006 0.570161290625 0.445698925 0.566935484375 0.45537634374999997 0.5508064515625 0.4688172046875 0.537365590625 0.4704301078125 0.5185483875
2 0.562365590625 0.9534946234375001 0.551612903125 0.9400537640625 0.5362903218749999 0.9268817203124999 0.52177419375 0.9263440859375001 0.5077956984374999 0.9327956984375 0.498387096875 0.9422043015625 0.491935484375 0.9534946234375001 0.490860215625 0.9879032265625 0.493010753125 0.9981182796875 0.4959677421875 1 0.5564516125 0.9997311828125 0.5618279562499999 0.9905913984374999 0.5655913984375001 0.97822580625 0.5655913984375001 0.96317204375 0.562365590625 0.9534946234375001
2 0.46317204375000004 0.9413978500000001 0.4465053765625 0.9467741937499999 0.4354838703125 0.9561827953125001 0.4301075265625 0.970161290625 0.4301075265625 0.9879032265625 0.434139784375 0.998387096875 0.4384408609375 1 0.491935484375 0.9997311828125 0.49032258124999994 0.9884408609375 0.49112903281250003 0.94892473125 0.475 0.9424731187500001 0.46317204375000004 0.9413978500000001
2 0.48252688125 0.9193548390625 0.47123655937500003 0.9225806453125 0.46586021562499996 0.9220430109375 0.4432795703125 0.90967741875 0.43225806406249995 0.8938172046874999 0.4279569890625 0.879838709375 0.42311827968750004 0.87177419375 0.42311827968750004 0.8588709671875 0.419086021875 0.858064515625 0.412365590625 0.86317204375 0.40752688125000003 0.8706989249999999 0.40376344062499997 0.8879032265625 0.404838709375 0.9002688171875001 0.423387096875 0.9306451609374999 0.43521505312500003 0.937634409375 0.45268817187500004 0.9395161296874999 0.463709678125 0.9365591390624999 0.4814516125 0.9258064515625 0.4844086015625 0.920698925 0.48252688125 0.9193548390625
2 0.5134408609375 0.8674731187500001 0.5129032265625 0.8540322578125 0.50967741875 0.8459677421875 0.5016129031250001 0.8357526875 0.494086021875 0.819086021875 0.48467741875000003 0.812365590625 0.4529569890625 0.8150537640625 0.4465053765625 0.8177419359375 0.43118279531250003 0.8384408609375 0.4236559140625 0.8620967734375 0.4236559140625 0.8723118281250001 0.43118279531250003 0.8927419359375 0.44247311875 0.9094086015625 0.4545698921875 0.9177419359375 0.46639785 0.9225806453125 0.47419354843750006 0.9228494625 0.4905913984375 0.9161290328125 0.5059139781249999 0.8981182796875 0.512365590625 0.8776881718749999 0.5134408609375 0.8674731187500001
2 0.5682795703125 0.8572580640625 0.5647849468749999 0.845698925 0.5470430109375 0.85322580625 0.520698925 0.8516129031249999 0.5150537640625 0.8529569890625 0.5139784953125 0.8744623656250001 0.50967741875 0.8895161296874999 0.510215053125 0.8943548390625 0.525537634375 0.90107526875 0.5344086015625 0.9008064515624999 0.5529569890625 0.8935483874999999 0.5634408609375 0.881989246875 0.5682795703125 0.868010753125 0.5682795703125 0.8572580640625
2 0.5693548390625 0.8077956984375 0.554838709375 0.7846774187500001 0.5459677421875 0.7779569890625 0.53037634375 0.7736559140625 0.512634409375 0.7763440859374999 0.5059139781249999 0.781989246875 0.49784946249999995 0.7932795703125 0.494086021875 0.8029569890625 0.494086021875 0.81532258125 0.5021505375 0.8314516125000001 0.516935484375 0.8510752687500001 0.5467741937499999 0.8524193546875001 0.5647849468749999 0.8446236562499999 0.5677419359375 0.8400537640625 0.5709677421875 0.829301075 0.5693548390625 0.8077956984375
2 0.498387096875 0.7889784953125 0.50860215 0.776612903125 0.506989246875 0.7620967734375 0.502688171875 0.7540322578125 0.49327957031249997 0.745161290625 0.47661290312500004 0.7360215046875 0.45725806406249997 0.7349462359375 0.4432795703125 0.738709678125 0.43225806406249995 0.7513440859375 0.4317204296875 0.7594086015625 0.4274193546875 0.771236559375 0.4268817203125 0.7948924734375 0.4317204296875 0.8072580640625 0.44112903281250004 0.8139784953125 0.45967741875 0.8147849468749999 0.475 0.8134408609375001 0.4884408609375 0.80967741875 0.49247311875 0.8051075265625001 0.498387096875 0.7889784953125
2 0.4150537640625 0.7137096781250001 0.41397849531249997 0.6938172046875 0.4072580640625 0.69032258125 0.3948924734375 0.69032258125 0.375537634375 0.698387096875 0.3650537640625 0.7104838703125 0.35967741875 0.7271505375 0.360215053125 0.7524193546875 0.36612903281250003 0.766935484375 0.3771505375 0.7784946234375 0.3911290328125 0.7849462359375 0.40591397812499996 0.7857526874999999 0.4225806453125 0.7776881718750001 0.43225806406249995 0.7448924734375 0.41774193593750003 0.72392473125 0.4150537640625 0.7137096781250001
2 0.4844086015625 0.7228494624999999 0.48333333281249996 0.7024193546874999 0.47822580625000005 0.69247311875 0.45026881718749995 0.6860215046875 0.44381720468749997 0.6827956984375 0.4327956984375 0.6706989250000001 0.4317204296875 0.6669354843749999 0.429301075 0.6666666671875 0.4225806453125 0.671236559375 0.4166666671875 0.683064515625 0.4150537640625 0.7040322578125 0.41720430156250005 0.7153225812499999 0.4220430109375 0.7260752687500001 0.43145161249999997 0.7354838703125 0.43978494687499997 0.7379032265625 0.4534946234375 0.7338709671875 0.47930107499999997 0.7338709671875 0.4827956984375 0.7303763437499999 0.4844086015625 0.7228494624999999
2 0.511290321875 0.6448924734375 0.5072580640625 0.6392473125 0.478763440625 0.6306451609375 0.462634409375 0.6172043015625001 0.45618279531250006 0.6155913984375 0.4327956984375 0.6572580640625 0.43118279531250003 0.66532258125 0.44032258124999996 0.6787634406249999 0.44919354843750003 0.6854838703125 0.4844086015625 0.6905913984375001 0.4905913984375 0.6887096781250001 0.5064516125 0.671236559375 0.51182795625 0.6556451609375 0.511290321875 0.6448924734375
2 0.5822580640624999 0.631989246875 0.5779569890625 0.61639785 0.573387096875 0.6107526875 0.562634409375 0.602688171875 0.5427419359375001 0.59677419375 0.5333333328125 0.61639785 0.5129032265625 0.6395161296875 0.525537634375 0.6650537640625 0.5362903218749999 0.6704301078125 0.5532258062500001 0.6706989250000001 0.5610215046875 0.6672043015625 0.5768817203125 0.6529569890625 0.5822580640624999 0.6395161296875 0.5822580640624999 0.631989246875
2 0.455913978125 0.6077956984374999 0.45107526875000004 0.5927419359375 0.4422043015625 0.5763440859375 0.43521505312500003 0.5715053765625 0.4099462359375 0.5693548390625 0.3889784953125 0.5838709671875 0.3822580640625 0.5922043015625 0.3752688171875 0.6099462359375 0.3736559140625 0.627688171875 0.37795698906249997 0.6432795703124999 0.38467741875 0.651612903125 0.3927419359375 0.658064515625 0.4034946234375 0.6629032265625 0.4166666671875 0.664784946875 0.427688171875 0.6612903218749999 0.43817204375 0.6491935484375 0.455913978125 0.612634409375 0.455913978125 0.6077956984374999
2 0.5327956984375 0.5631720437500001 0.5284946234375 0.5556451609375 0.518010753125 0.546236559375 0.5018817203125 0.53817204375 0.48413978437500005 0.5360215046875 0.468010753125 0.540860215625 0.454838709375 0.5534946234375 0.44623655937500006 0.569086021875 0.445698925 0.580913978125 0.45107526875000004 0.5905913984375 0.456989246875 0.6088709671875 0.45967741875 0.613709678125 0.477688171875 0.6295698921875 0.49381720468749996 0.6360215046875 0.5107526874999999 0.63682795625 0.5263440859374999 0.624462365625 0.5349462359375 0.6088709671875 0.5376344093750001 0.584139784375 0.5327956984375 0.5631720437500001
2 0.40510752656250004 0.6634408609375 0.38413978437499996 0.65107526875 0.3774193546875 0.6416666671875 0.3747311828125 0.631989246875 0.3747311828125 0.6083333328125 0.3610215046875 0.6064516125 0.356989246875 0.613709678125 0.354838709375 0.625 0.35537634375 0.636290321875 0.360215053125 0.6518817203125 0.3645161296875 0.6567204296875 0.3677419359375 0.66532258125 0.377688171875 0.6747311828125 0.39220430156249997 0.6811827953125 0.40268817187500006 0.680913978125 0.41532258125 0.6763440859375 0.42311827968750004 0.6669354843749999 0.4225806453125 0.664784946875 0.40510752656250004 0.6634408609375
2 0.40107526875 0.5610215046875 0.390860215625 0.5497311828125 0.3771505375 0.5231182796875 0.3610215046875 0.5258064515624999 0.3529569890625 0.5306451609375 0.337634409375 0.5459677421875 0.3322580640625 0.5637096781250001 0.3333333328125 0.574462365625 0.34838709687499997 0.5959677421875 0.3610215046875 0.6053763437499999 0.3736559140625 0.6056451609375 0.3774193546875 0.6024193546875 0.3849462359375 0.58682795625 0.404838709375 0.569086021875 0.40107526875 0.5610215046875
2 0.3889784953125 0.4784946234375 0.379838709375 0.47473118281250004 0.364784946875 0.47526881718749997 0.3518817203125 0.48064516093750004 0.34462365625 0.48682795624999997 0.3338709671875 0.5099462359375 0.3311827953125 0.521236559375 0.3322580640625 0.5352150531250001 0.3365591390625 0.5438172046874999 0.33870967812499997 0.5443548390624999 0.3567204296875 0.5284946234375 0.3790322578125 0.52177419375 0.3806451609375 0.49865591406250004 0.3889784953125 0.4784946234375
2 0.6010752687500001 0.8922043015625001 0.5903225812499999 0.864784946875 0.5814516125 0.858064515625 0.5704301078125 0.8610215046875 0.5655913984375001 0.879838709375 0.5529569890625 0.895161290625 0.529838709375 0.902688171875 0.5268817203125 0.9056451609374999 0.5295698921875001 0.920698925 0.5454301078125 0.9306451609374999 0.5631720437500001 0.9521505375 0.5693548390625 0.9529569890625 0.5811827953125001 0.9459677421875 0.5849462359375 0.9336021499999999 0.595698925 0.91317204375 0.6010752687500001 0.8922043015625001
1 0.5849462359375 0.4685483875 0.578763440625 0.4607526875 0.569086021875 0.45376344062499996 0.5443548390624999 0.4655913984375 0.525 0.4709677421875 0.5209677421875 0.475 0.5209677421875 0.49220430156250006 0.5236559140625 0.5008064515624999 0.53360215 0.5145161296875 0.546236559375 0.520161290625 0.580913978125 0.508064515625 0.587634409375 0.49865591406250004 0.58817204375 0.48252688125 0.5849462359375 0.4685483875
1 0.5870967734375 0.72177419375 0.58817204375 0.7056451609375001 0.5827956984375 0.6905913984375001 0.573387096875 0.6801075265625001 0.5599462359375 0.6725806453125001 0.53682795625 0.6725806453125001 0.529838709375 0.6741935484375 0.5231182796875 0.6787634406249999 0.5220430109375 0.72177419375 0.5247311828125001 0.7427419359375 0.529838709375 0.75107526875 0.5376344093750001 0.7524193546875 0.5518817203124999 0.7370967734375 0.56532258125 0.7301075265625 0.58360215 0.7263440859375 0.5870967734375 0.72177419375