2 0.5860215046875 0.074462365625 0.5811827953125001 0.0604838703125 0.5723118281249999 0.050537634374999994 0.5416666671875 0.046236559375 0.531989246875 0.051612903125 0.5247311828125001 0.06102150468749999 0.5198924734375 0.074462365625 0.5188172046874999 0.0948924734375 0.5236559140625 0.1088709671875 0.530913978125 0.1177419359375 0.5416666671875 0.1241935484375 0.55107526875 0.125 0.568010753125 0.12096774218749999 0.5795698921875 0.10833333281249999 0.5854838703125 0.0938172046875 0.5860215046875 0.074462365625
2 0.6317204296875001 0.1916666671875 0.6268817203125 0.1771505375 0.61962365625 0.1688172046875 0.6088709671875 0.1629032265625 0.5954301078124999 0.1607526875 0.59139785 0.16317204375 0.5827956984375 0.177688171875 0.5672043015625 0.1889784953125 0.5655913984375001 0.1986559140625 0.5677419359375 0.20887096718749998 0.5725806453125 0.218010753125 0.586290321875 0.23010752656250003 0.600537634375 0.23360215 0.613709678125 0.23010752656250003 0.6236559140625 0.221236559375 0.6301075265625 0.2061827953125 0.6317204296875001 0.1916666671875
2 0.5865591390625 0.2814516125 0.5822580640624999 0.270698925 0.5728494625 0.2607526875 0.5604838703125 0.254838709375 0.5497311828125 0.254838709375 0.537365590625 0.2607526875 0.5311827953125 0.26747311875 0.5268817203125 0.27607526875 0.5252688171875 0.2911290328125 0.5311827953125 0.3072580640625 0.53682795625 0.3139784953125 0.5497311828125 0.3220430109375 0.5602150531250001 0.3228494625 0.5723118281249999 0.3182795703125 0.5817204296875 0.3083333328125 0.5870967734375 0.29435483906250004 0.5865591390625 0.2814516125
2 0.5188172046874999 0.31693548437499997 0.5172043015625001 0.3094086015625 0.5104838703125 0.29892473124999996 0.49704301093750003 0.29139784999999996 0.485215053125 0.29086021562500003 0.475 0.29462365625000003 0.4645161296875 0.3061827953125 0.46129032187499996 0.31693548437499997 0.4607526875 0.32822580625 0.4661290328125 0.3438172046875 0.475537634375 0.35322580625 0.486290321875 0.35752688125 0.494086021875 0.3572580640625 0.5061827953125 0.35215053749999997 0.5145161296875 0.3427419359375 0.5188172046874999 0.32983870937500004 0.5188172046874999 0.31693548437499997
2 0.49865591406250004 0.356989246875 0.48575268749999995 0.35752688125 0.4771505375 0.354301075 0.462634409375 0.33870967812499997 0.45510752656250003 0.343010753125 0.44623655937500006 0.35403225781250003 0.44139785 0.36586021562500004 0.440860215625 0.379838709375 0.44946236562499997 0.3981182796875 0.4677419359375 0.4072580640625 0.477688171875 0.394086021875 0.49731182812499997 0.38413978437499996 0.500537634375 0.35994623593749997 0.49865591406250004 0.356989246875
2 0.5268817203125 0.412634409375 0.5198924734375 0.3954301078125 0.512634409375 0.3892473125 0.5018817203125 0.3854838703125 0.47983870937499995 0.39247311875 0.47526881718749997 0.3965053765625 0.4688172046875 0.4094086015625 0.4693548390625 0.424462365625 0.47580645156249995 0.4395161296875 0.48575268749999995 0.450537634375 0.49516129062500003 0.4534946234375 0.5142473125 0.450537634375 0.5220430109375 0.44166666718750003 0.5274193546875 0.42553763437500003 0.5268817203125 0.412634409375
2 0.48225806406249994 0.4475806453125 0.47580645156249995 0.4400537640625 0.4704301078125 0.42876344062499994 0.4688172046875 0.4094086015625 0.4529569890625 0.40107526875 0.44166666718750003 0.40107526875 0.43306451562500003 0.404838709375 0.4204301078125 0.41747311875 0.4129032265625 0.43252688125 0.41397849531249997 0.4465053765625 0.4193548390625 0.45779569843749995 0.43037634375 0.4688172046875 0.4395161296875 0.4736559140625 0.444086021875 0.47338709687499997 0.45725806406249997 0.4688172046875 0.4685483875 0.46827957031249995 0.48225806406249994 0.4508064515625 0.48225806406249994 0.4475806453125
2 0.4779569890625 0.477688171875 0.46478494687499994 0.4688172046875 0.4540322578125 0.4693548390625 0.44112903281250004 0.47473118281250004 0.4290322578125 0.4905913984375 0.4252688171875 0.49865591406250004 0.4241935484375 0.5077956984374999 0.42473118281250005 0.516935484375 0.43306451562500003 0.5279569890625 0.4470430109375 0.5365591390625 0.4607526875 0.537365590625 0.474462365625 0.5311827953125 0.4854838703125 0.516935484375 0.4768817203125 0.49327957031249997 0.4779569890625 0.477688171875
2 0.543010753125 0.485215053125 0.5376344093750001 0.4685483875 0.529301075 0.459139784375 0.5163978499999999 0.4521505375 0.5056451609375 0.45107526875000004 0.49274193593750004 0.454838709375 0.4854838703125 0.462634409375 0.4784946234375 0.47822580625000005 0.4768817203125 0.49327957031249997 0.48333333281249996 0.5110215046875 0.4895161296875 0.5188172046874999 0.49973118281250006 0.5252688171875 0.512365590625 0.5271505375000001 0.5228494625 0.5247311828125001 0.5344086015625 0.515860215625 0.54139785 0.5013440859375 0.543010753125 0.485215053125
2 0.5177419359375001 0.6104838703125 0.5115591390625001 0.60322580625 0.49973118281250006 0.598387096875 0.4905913984375 0.598387096875 0.4728494625 0.603763440625 0.4639784953125 0.612634409375 0.459139784375 0.62607526875 0.45967741875 0.6389784953125 0.46666666718750005 0.6534946234375 0.47069892500000005 0.658064515625 0.48575268749999995 0.658064515625 0.5064516125 0.6642473125 0.5155913984375 0.6545698921875001 0.5215053765625 0.6400537640625 0.5220430109375 0.6228494625 0.5177419359375001 0.6104838703125
2 0.5150537640625 0.6852150531250001 0.5129032265625 0.67607526875 0.5061827953125 0.6645161296875 0.4916666671875 0.65860215 0.47123655937500003 0.65752688125 0.4556451609375 0.6645161296875 0.44677419374999994 0.673387096875 0.440860215625 0.6911290328125 0.447311828125 0.7083333328125 0.45510752656250003 0.7198924734375 0.46532258125 0.7252688171874999 0.47903225781250003 0.7260752687500001 0.4959677421875 0.7209677421875 0.506989246875 0.7115591390625 0.5129032265625 0.7018817203125 0.5150537640625 0.6852150531250001
2 0.551612903125 0.7379032265625 0.55 0.72177419375 0.5451612906250001 0.7110215046875 0.53252688125 0.6962365593750001 0.520698925 0.690860215625 0.5150537640625 0.6922043015625 0.5134408609375 0.7018817203125 0.5013440859375 0.7172043015625 0.47741935468749996 0.72822580625 0.4801075265625 0.7422043015625001 0.4854838703125 0.7524193546875 0.4943548390625 0.76182795625 0.5061827953125 0.7682795703124999 0.5182795703124999 0.7685483875 0.5287634406249999 0.7661290328125 0.5411290328125 0.758064515625 0.547311828125 0.7513440859375 0.551612903125 0.7379032265625
2 0.46666666718750005 0.7260752687500001 0.45107526875000004 0.7153225812499999 0.440860215625 0.6922043015625 0.43306451562500003 0.69032258125 0.42069892500000006 0.6956989250000001 0.41075268749999994 0.7072580640624999 0.40591397812499996 0.719086021875 0.404838709375 0.7336021500000001 0.40913978437500004 0.7454301078125 0.41962365625000003 0.756989246875 0.427688171875 0.760215053125 0.43709677343750003 0.7604838703125 0.4459677421875 0.75752688125 0.456989246875 0.7491935484375001 0.4655913984375 0.734139784375 0.46666666718750005 0.7260752687500001
2 0.4661290328125 0.6588709671874999 0.4661290328125 0.6540322578125 0.4564516125 0.635215053125 0.44865591406250005 0.6284946234375 0.43629032187499994 0.6225806453125 0.42123655937500004 0.6209677421875 0.4120967734375 0.6247311828125001 0.40376344062499997 0.63360215 0.4 0.6422043015625001 0.39784946250000003 0.6561827953125 0.420161290625 0.6827956984375 0.42822580625000006 0.6892473125 0.43709677343750003 0.6895161296875 0.440860215625 0.6879032265625 0.444086021875 0.676612903125 0.45 0.66962365625 0.4661290328125 0.6588709671874999
2 0.5349462359375 0.8427419359374999 0.5322580640625 0.834139784375 0.5271505375000001 0.8274193546875 0.5099462359375 0.8182795703125001 0.49704301093750003 0.8166666671874999 0.4889784953125 0.8193548390625001 0.4801075265625 0.8255376343749999 0.4715053765625 0.8400537640625 0.4688172046875 0.8513440859375001 0.4763440859375 0.8604838703125001 0.48252688125 0.8784946234375001 0.5064516125 0.88360215 0.521236559375 0.8774193546875001 0.5279569890625 0.8685483875 0.5344086015625 0.8534946234375 0.5349462359375 0.8427419359374999
2 0.3768817203125 0.8696236562499999 0.3747311828125 0.8502688171875 0.3822580640625 0.8314516125000001 0.379301075 0.8306451609375 0.3685483875 0.8349462359375 0.36182795625 0.8427419359374999 0.3564516125 0.8540322578125 0.354838709375 0.86639785 0.358064515625 0.87822580625 0.3685483875 0.889784946875 0.3771505375 0.89462365625 0.38387096718749997 0.8948924734375 0.39596774218749997 0.894086021875 0.39838709687499996 0.8905913984374999 0.38360215000000003 0.8811827953125 0.3768817203125 0.8696236562499999
2 0.43978494687499997 0.9427419359375 0.425 0.94892473125 0.4029569890625 0.9467741937499999 0.399462365625 0.9529569890625 0.39784946250000003 0.9647849468749999 0.4021505375 0.980913978125 0.40833333281249995 0.98817204375 0.41532258125 0.9924731187500001 0.4284946234375 0.9927419359374999 0.4405913984375 0.988709678125 0.45107526875000004 0.9771505375 0.44032258124999996 0.9599462359375 0.43978494687499997 0.9427419359375
2 0.5150537640625 0.8981182796875 0.5107526874999999 0.8900537640625 0.5002688171874999 0.8822580640625001 0.48682795624999997 0.8790322578125 0.46962365625 0.8822580640625001 0.455913978125 0.8938172046874999 0.451612903125 0.9024193546875001 0.450537634375 0.91317204375 0.45268817187500004 0.92392473125 0.47123655937500003 0.9360215046875 0.493010753125 0.937365590625 0.5061827953125 0.9338709671875 0.5134408609375 0.925 0.5172043015625001 0.912634409375 0.5150537640625 0.8981182796875
2 0.395698925 0.6588709671874999 0.397311828125 0.675537634375 0.4088709671875 0.690860215625 0.415860215625 0.695161290625 0.4204301078125 0.6954301078125 0.4290322578125 0.6900537640625 0.40913978437500004 0.6701612906250001 0.40026881718749996 0.65322580625 0.395698925 0.6588709671874999
0 0.4900537640625 0 0.48494623593749997 0.0088709671875 0.4844086015625 0.021236559375 0.490860215625 0.0384408609375 0.5018817203125 0.05107526875 0.5099462359375 0.053763440625000006 0.5204301078125 0.0534946234375 0.531989246875 0.05 0.5376344093750001 0.0416666671875 0.5392473125 0.023387096875 0.5360215046875 0.013172043750000001 0.524462365625 0 0.4900537640625 0
0 0.6139784953125 0.0389784953125 0.6088709671875 0.0354838703125 0.5959677421875 0.0349462359375 0.58037634375 0.039784946875 0.5752688171875 0.045430107812499995 0.5736559140625 0.05134408593749999 0.5806451609375001 0.059408601562499996 0.5854838703125 0.070161290625 0.5865591390625 0.0905913984375 0.5927419359375 0.09408602187500001 0.602688171875 0.0938172046875 0.616935484375 0.08817204375 0.6225806453125 0.08252688124999999 0.6247311828125001 0.074462365625 0.6139784953125 0.0389784953125
0 0.51532258125 0.056989246874999996 0.510215053125 0.062634409375 0.50537634375 0.07392473125 0.5064516125 0.0884408609375 0.513709678125 0.09247311875 0.5182795703124999 0.09220430156250001 0.5193548390625 0.07822580625 0.5274193546875 0.055107526562499995 0.52607526875 0.054301075 0.51532258125 0.056989246874999996
0 0.5360215046875 0.1486559140625 0.52607526875 0.14247311875 0.518010753125 0.14247311875 0.5045698921875 0.14892473125 0.49784946249999995 0.1556451609375 0.49247311875 0.16747311874999998 0.49247311875 0.178763440625 0.49784946249999995 0.1916666671875 0.5040322578125 0.195698925 0.5166666671875 0.1970430109375 0.530913978125 0.19139785 0.538709678125 0.176612903125 0.5360215046875 0.1642473125 0.5360215046875 0.1486559140625
0 0.5317204296875 0.1927419359375 0.519086021875 0.19677419375 0.49865591406250004 0.1935483875 0.49516129062500003 0.2034946234375 0.49516129062500003 0.21209677343750002 0.499462365625 0.22392473124999998 0.5225806453125 0.229838709375 0.5258064515624999 0.225 0.5295698921875001 0.2104838703125 0.5327956984375 0.1965053765625 0.5317204296875 0.1927419359375
0 0.6053763437499999 0.32822580625 0.5997311828125 0.3204301078125 0.5905913984375 0.31236559062499997 0.580913978125 0.310215053125 0.566935484375 0.3215053765625 0.5518817203124999 0.3241935484375 0.549462365625 0.3314516125 0.554838709375 0.3491935484375 0.565860215625 0.361290321875 0.5723118281249999 0.36612903281250003 0.5860215046875 0.36747311875 0.5938172046875 0.3645161296875 0.605913978125 0.3497311828125 0.60752688125 0.336290321875 0.6053763437499999 0.32822580625
0 0.5801075265625 0.4916666671875 0.5806451609375001 0.481989246875 0.5779569890625 0.4728494625 0.5723118281249999 0.4655913984375 0.5631720437500001 0.45967741875 0.5454301078125 0.46021505312500005 0.5400537640625 0.462365590625 0.5365591390625 0.466935484375 0.54032258125 0.47338709687499997 0.543010753125 0.485215053125 0.54032258125 0.5094086015625 0.5465053765625 0.5129032265625 0.5537634406249999 0.512634409375 0.562634409375 0.5107526874999999 0.5712365593750001 0.5059139781249999 0.5763440859375 0.5008064515624999 0.5801075265625 0.4916666671875
0 0.5532258062500001 0.531989246875 0.548387096875 0.5163978499999999 0.5416666671875 0.511290321875 0.5384408609375 0.51182795625 0.524462365625 0.5241935484375 0.5094086015625 0.5284946234375 0.506989246875 0.533064515625 0.50537634375 0.5454301078125 0.506989246875 0.5588709671875 0.51747311875 0.5655913984375001 0.5311827953125 0.5685483875 0.537365590625 0.5672043015625 0.547311828125 0.5610215046875 0.5543010749999999 0.5443548390624999 0.5532258062500001 0.531989246875
0 0.474462365625 0.5311827953125 0.4599462359375 0.5376344093750001 0.4470430109375 0.5370967734375001 0.445698925 0.5491935484375 0.45107526875000004 0.5572580640625 0.4615591390625 0.5645161296875 0.4736559140625 0.566935484375 0.4768817203125 0.5647849468749999 0.47903225781250003 0.5567204296875 0.4801075265625 0.531989246875 0.474462365625 0.5311827953125
0 0.4779569890625 0.2916666671875 0.4779569890625 0.2879032265625 0.4704301078125 0.275 0.4620967734375 0.2698924734375 0.45026881718749995 0.2666666671875 0.43521505312500003 0.2677419359375 0.42392473124999996 0.2747311828125 0.41827957031249996 0.28360215 0.41559139843750004 0.2927419359375 0.41397849531249997 0.314784946875 0.4220430109375 0.325537634375 0.43037634375 0.3317204296875 0.44381720468749997 0.3370967734375 0.455913978125 0.3379032265625 0.46129032187499996 0.33413978437499997 0.4607526875 0.32069892499999997 0.4645161296875 0.3061827953125 0.4779569890625 0.2916666671875
0 0.5311827953125 0.121236559375 0.5236559140625 0.10940860156250001 0.51747311875 0.09408602187500001 0.5051075265625 0.08978494687500001 0.4905913984375 0.08978494687500001 0.477688171875 0.09516129062499999 0.46989247343749996 0.10564516093750001 0.4715053765625 0.13360215 0.4736559140625 0.1405913984375 0.4814516125 0.148387096875 0.4895161296875 0.15215053750000002 0.5 0.1524193546875 0.512634409375 0.144086021875 0.52177419375 0.140860215625 0.5274193546875 0.133064515625 0.5311827953125 0.121236559375
0 0.42715053750000004 0.4693548390625 0.41962365625000003 0.47473118281250004 0.41021505312500006 0.4895161296875 0.41021505312500006 0.4991935484375 0.4134408609375 0.5072580640625 0.420161290625 0.5155913984375 0.4241935484375 0.516935484375 0.4274193546875 0.4948924734375 0.43978494687499997 0.475 0.43145161249999997 0.4693548390625 0.42715053750000004 0.4693548390625
0 0.47526881718749997 0.8583333328125 0.46962365625 0.8521505375 0.4604838703125 0.848387096875 0.4470430109375 0.8478494624999999 0.43682795625 0.8516129031249999 0.4317204296875 0.8567204296875 0.4279569890625 0.8658602156249999 0.4279569890625 0.878763440625 0.4327956984375 0.8911290328125 0.44784946249999996 0.9040322578125 0.451612903125 0.9029569890625 0.46102150468750003 0.88817204375 0.48064516093750004 0.8776881718749999 0.47526881718749997 0.8583333328125
0 0.38763440937500004 0.9266129031249999 0.389784946875 0.9088709671874999 0.39677419375 0.8970430109375 0.3927419359375 0.89462365625 0.379301075 0.8956989249999999 0.3685483875 0.90107526875 0.360215053125 0.9099462359375 0.356989246875 0.91962365625 0.35752688125 0.929301075 0.361290321875 0.9379032265625 0.368010753125 0.945698925 0.378763440625 0.95107526875 0.390860215625 0.9518817203125 0.3986559140625 0.95 0.4 0.9454301078125 0.39247311875 0.9384408609375001 0.38763440937500004 0.9266129031249999
0 0.43387096718749996 0.8518817203125 0.42634408593749995 0.835215053125 0.418010753125 0.8274193546875 0.40510752656250004 0.8225806453125 0.3954301078125 0.8236559140624999 0.38413978437499996 0.8295698921874999 0.3774193546875 0.8395161296874999 0.37419354843749997 0.8513440859375001 0.3752688171875 0.8642473125000001 0.37956989218750004 0.8771505375 0.39381720468750003 0.8892473125 0.3991935484375 0.8924731187500001 0.40322580625000004 0.8922043015625001 0.4228494625 0.8870967734375 0.42634408593749995 0.8841397843750001 0.4284946234375 0.86317204375 0.43387096718749996 0.8518817203125
0 0.53682795625 0.8446236562499999 0.5231182796875 0.87607526875 0.5419354843749999 0.878763440625 0.5456989250000001 0.870161290625 0.546236559375 0.8588709671875 0.5435483875 0.8502688171875 0.53682795625 0.8446236562499999
0 0.5456989250000001 0.9438172046875 0.5438172046874999 0.941935484375 0.5228494625 0.943010753125 0.5061827953125 0.9360215046875 0.502688171875 0.9379032265625 0.5021505375 0.9567204296874999 0.49731182812499997 0.9728494624999999 0.5056451609375 0.9784946234375 0.5188172046874999 0.98037634375 0.529838709375 0.9763440859375001 0.544086021875 0.9647849468749999 0.5467741937499999 0.9561827953125001 0.5456989250000001 0.9438172046875
0 0.5618279562499999 0.9008064515624999 0.558064515625 0.8927419359375 0.5475806453125001 0.8822580640625001 0.5362903218749999 0.8779569890625 0.521236559375 0.8774193546875001 0.5099462359375 0.8822580640625001 0.50752688125 0.8857526874999999 0.5134408609375 0.8948924734375 0.5172043015625001 0.9110215046875 0.5145161296875 0.922311828125 0.5059139781249999 0.9336021499999999 0.518010753125 0.941935484375 0.5344086015625 0.9432795703125001 0.5508064515625 0.937634409375 0.55752688125 0.9303763437500001 0.5618279562499999 0.9163978500000001 0.5618279562499999 0.9008064515624999
2 0.5333333328125 0.24865591406249998 0.5258064515624999 0.23629032187500001 0.5142473125 0.2284946234375 0.5034946234375 0.22634408593750002 0.4900537640625 0.2284946234375 0.47741935468749996 0.23736559062499998 0.4725806453125 0.2465053765625 0.4704301078125 0.2567204296875 0.4720430109375 0.274462365625 0.47580645156249995 0.28360215 0.4814516125 0.29032258125 0.4975806453125 0.29139784999999996 0.5094086015625 0.2978494625 0.5155913984375 0.2975806453125 0.5247311828125001 0.2922043015625 0.5268817203125 0.275 0.5349462359375 0.2594086015625 0.5333333328125 0.24865591406249998
0 0.5704301078125 0.36586021562500004 0.555913978125 0.3502688171875 0.549462365625 0.337365590625 0.5448924734375 0.33602150468750003 0.53360215 0.3392473125 0.5301075265625 0.3422043015625 0.5231182796875 0.38682795625 0.533064515625 0.39677419375 0.547311828125 0.3997311828125 0.5572580640625 0.396236559375 0.5639784953125 0.3895161296875 0.5688172046875 0.38037634374999996 0.5704301078125 0.36586021562500004
0 0.7349462359375 0.9120967734375001 0.7360215046875 0.8916666671875 0.726612903125 0.8822580640625001 0.7147849468749999 0.8784946234375001 0.7056451609375001 0.8801075265625 0.6905913984375001 0.8876344093749999 0.6801075265625001 0.8997311828125 0.6758064515625 0.9104838703125001 0.6758064515625 0.920698925 0.6806451609375 0.9314516125000001 0.6959677421875 0.944086021875 0.710215053125 0.9448924734374999 0.727688171875 0.9365591390624999 0.7360215046875 0.929838709375 0.7370967734375 0.9266129031249999 0.7349462359375 0.9120967734375001