2 0.44892473125 0.1911290328125 0.45268817187500004 0.1642473125 0.445698925 0.13521505312499998 0.43870967812500006 0.12177419375000001 0.43145161249999997 0.1139784953125 0.412634409375 0.10376344062500001 0.40080645156249994 0.101612903125 0.38844086093749997 0.1021505375 0.369086021875 0.10752688125000001 0.35215053749999997 0.123387096875 0.341935484375 0.1465053765625 0.34032258125000003 0.1567204296875 0.34139785 0.181989246875 0.34838709687499997 0.2040322578125 0.35994623593749997 0.21989247343749999 0.37822580625 0.2295698921875 0.40537634375 0.23091397812499997 0.427688171875 0.22311827968750003 0.43387096718749996 0.2185483875 0.440860215625 0.20887096718749998 0.44892473125 0.1911290328125
2 0.6268817203125 0.2491935484375 0.6322580640625 0.23897849531249998 0.6360215046875 0.222311828125 0.6360215046875 0.20672042968749998 0.6301075265625 0.186290321875 0.61962365625 0.17204301093750002 0.6008064515625 0.160215053125 0.5873655906249999 0.15752688125 0.568010753125 0.15860215 0.5465053765625 0.1650537640625 0.531989246875 0.17204301093750002 0.5198924734375 0.18252688125 0.508064515625 0.214784946875 0.508064515625 0.23467741874999998 0.5268817203125 0.2567204296875 0.5365591390625 0.27607526875 0.5465053765625 0.28010752656250004 0.5629032265625 0.28091397812499996 0.5884408609375 0.27634408593750004 0.6040322578125 0.2693548390625 0.613709678125 0.2629032265625 0.6268817203125 0.2491935484375
2 0.5274193546875 0.325 0.5354838703125 0.3024193546875 0.5360215046875 0.27715053749999996 0.5247311828125001 0.2551075265625 0.5094086015625 0.23763440937500002 0.47930107499999997 0.22634408593750002 0.4588709671875 0.2258064515625 0.4475806453125 0.2290322578125 0.43467741875000004 0.2365591390625 0.41720430156250005 0.25295698906249997 0.412365590625 0.26263440937500004 0.40860215 0.277688171875 0.40913978437500004 0.3024193546875 0.4220430109375 0.33252688125 0.43790322656249997 0.34892473125 0.44784946249999996 0.3529569890625 0.470161290625 0.346236559375 0.5083333328124999 0.345161290625 0.5225806453125 0.33252688125 0.5274193546875 0.325
2 0.5322580640625 0.36639784999999997 0.521236559375 0.35322580625 0.5099462359375 0.346236559375 0.47069892500000005 0.34784946250000004 0.45026881718749995 0.35537634375 0.44677419374999994 0.3594086015625 0.4360215046875 0.38467741875 0.43709677343750003 0.431989246875 0.4470430109375 0.44354838750000003 0.4771505375 0.44354838750000003 0.499462365625 0.4475806453125 0.5225806453125 0.42715053750000004 0.5333333328125 0.4072580640625 0.5365591390625 0.381989246875 0.5322580640625 0.36639784999999997
2 0.4349462359375 0.430913978125 0.43709677343750003 0.416935484375 0.43333333281249997 0.3905913984375 0.4236559140625 0.3728494625 0.4129032265625 0.3594086015625 0.39220430156249997 0.34462365625 0.370698925 0.34032258125000003 0.3411290328125 0.3435483875 0.326612903125 0.35215053749999997 0.3107526875 0.3728494625 0.30860215 0.3948924734375 0.31182795625000004 0.4104838703125 0.3241935484375 0.430913978125 0.3513440859375 0.45376344062499996 0.36532258125 0.45967741875 0.38763440937500004 0.4604838703125 0.4040322578125 0.45752688125 0.415860215625 0.45268817187500004 0.43118279531250003 0.43736559062499997 0.4349462359375 0.430913978125
2 0.543010753125 0.5142473125 0.54139785 0.4905913984375 0.5295698921875001 0.46908602187500004 0.5228494625 0.46182795624999995 0.5099462359375 0.45322580625000003 0.49865591406250004 0.448387096875 0.47983870937499995 0.444086021875 0.4599462359375 0.444086021875 0.44381720468749997 0.4521505375 0.4241935484375 0.47392473125 0.4166666671875 0.49543010781249996 0.41559139843750004 0.516935484375 0.4204301078125 0.534139784375 0.43145161249999997 0.549462365625 0.45188172031249996 0.5629032265625 0.466935484375 0.5677419359375 0.4763440859375 0.56747311875 0.5094086015625 0.558064515625 0.5317204296875 0.5411290328125 0.54032258125 0.52607526875 0.543010753125 0.5142473125
2 0.5892473125000001 0.5610215046875 0.5887096781250001 0.5432795703125 0.5811827953125001 0.524462365625 0.5741935484375 0.5142473125 0.5577956984375 0.49731182812499997 0.5454301078125 0.49032258124999994 0.5432795703125 0.49032258124999994 0.5419354843749999 0.49327957031249997 0.543010753125 0.51532258125 0.54139785 0.523387096875 0.5354838703125 0.53682795625 0.5306451609375 0.5427419359375001 0.519086021875 0.5526881718750001 0.5034946234375 0.5612903218749999 0.4728494625 0.5688172046875 0.4709677421875 0.5717741937499999 0.47311827968750003 0.578763440625 0.48333333281249996 0.5916666671875 0.49865591406250004 0.604301075 0.5163978499999999 0.61182795625 0.5349462359375 0.612634409375 0.5572580640625 0.603763440625 0.5717741937499999 0.5935483875 0.5838709671875 0.5771505375 0.5892473125000001 0.5610215046875
2 0.3142473125 0.4150537640625 0.3008064515625 0.4193548390625 0.2935483875 0.42607526875 0.2865591390625 0.4389784953125 0.2849462359375 0.4481182796875 0.2860215046875 0.4604838703125 0.2935483875 0.47607526875 0.3040322578125 0.487634409375 0.311290321875 0.4905913984375 0.33037634374999997 0.4720430109375 0.35752688125 0.4588709671875 0.3247311828125 0.431989246875 0.3142473125 0.4150537640625
2 0.47903225781250003 0.5916666671875 0.47741935468749996 0.586290321875 0.46478494687499994 0.5682795703125 0.4470430109375 0.562365590625 0.44462365625 0.62392473125 0.44946236562499997 0.624462365625 0.45940860156249996 0.6198924734375 0.4688172046875 0.6115591390625 0.47419354843750006 0.6040322578125 0.47903225781250003 0.5916666671875
2 0.3895161296875 0.5564516125 0.38387096718749997 0.566935484375 0.3725806453125 0.5798387093749999 0.3725806453125 0.58467741875 0.3784946234375 0.5965053765625 0.389784946875 0.6120967734375 0.4034946234375 0.6220430109375 0.408064515625 0.622311828125 0.41021505312500006 0.6158602156249999 0.4134408609375 0.56532258125 0.4120967734375 0.5419354843749999 0.3895161296875 0.5564516125
2 0.3774193546875 0.8083333328125001 0.3594086015625 0.794086021875 0.3465053765625 0.7892473125 0.325 0.78817204375 0.3099462359375 0.79247311875 0.29032258125 0.8077956984375 0.2784946234375 0.82392473125 0.2677419359375 0.8475806453124999 0.2693548390625 0.8755376343749999 0.2790322578125 0.8981182796875 0.28252688125000003 0.902688171875 0.3061827953125 0.8903225812500001 0.33360215000000004 0.8892473125 0.3518817203125 0.895161290625 0.36532258125 0.908064515625 0.3698924734375 0.9083333328125001 0.3822580640625 0.8922043015625001 0.390860215625 0.86317204375 0.38817204375 0.8422043015625 0.3774193546875 0.8083333328125001
2 0.26505376406250003 0.9368279562499999 0.27258064531250004 0.91317204375 0.2599462359375 0.9075268812499999 0.24758064531250001 0.9053763437500001 0.21962365625000002 0.906989246875 0.1970430109375 0.9145161296875 0.18467741875000002 0.9209677421875 0.1725806453125 0.931989246875 0.162365590625 0.9454301078125 0.15752688125 0.9572580640625 0.154838709375 0.97392473125 0.15618279531249998 1 0.295698925 0.9997311828125 0.2935483875 0.9948924734375 0.2779569890625 0.981989246875 0.26720430156249997 0.9626344093749999 0.26505376406250003 0.9368279562499999
2 0.45026881718749995 0.9284946234375001 0.427688171875 0.9198924734375 0.4024193546875 0.9188172046874999 0.3916666671875 0.9215053765624999 0.38037634374999996 0.9274193546875 0.36236559062499996 0.9454301078125 0.35161290312500004 0.972311828125 0.350537634375 0.9873655906250001 0.3529569890625 1 0.47526881718749997 0.9997311828125 0.47741935468749996 0.9776881718749999 0.4715053765625 0.9540322578125 0.46129032187499996 0.9389784953125 0.45026881718749995 0.9284946234375001
2 0.2677419359375 0.8470430109375 0.2610215046875 0.8462365593750001 0.2497311828125 0.8494623656250001 0.23897849531249998 0.8564516125000001 0.2290322578125 0.866935484375 0.21989247343749999 0.8873655906250001 0.21881720468750002 0.9040322578125 0.221236559375 0.9064516125000001 0.24758064531250001 0.9053763437500001 0.2752688171875 0.9104838703125001 0.2811827953125 0.9018817203125 0.2698924734375 0.876612903125 0.26720430156249997 0.8604838703125001 0.2677419359375 0.8470430109375
1 0.353763440625 0.11962365625 0.3698924734375 0.1061827953125 0.370698925 0.1021505375 0.3583333328125 0.098387096875 0.325537634375 0.1021505375 0.3142473125 0.10860215 0.299462365625 0.125 0.29462365625000003 0.1395161296875 0.296236559375 0.1615591390625 0.310215053125 0.1884408609375 0.3142473125 0.19247311875 0.3209677421875 0.1927419359375 0.340860215625 0.19005376406250002 0.339784946875 0.15779569843750002 0.345161290625 0.13521505312499998 0.353763440625 0.11962365625
1 0.36639784999999997 0.23333333281250002 0.3682795703125 0.22768817187499998 0.354301075 0.21532258125 0.3411290328125 0.193010753125 0.3099462359375 0.195161290625 0.2975806453125 0.20376344062500001 0.2849462359375 0.21962365625000002 0.28010752656250004 0.234139784375 0.2817204296875 0.2513440859375 0.2892473125 0.2642473125 0.3067204296875 0.27688172031249997 0.3104838703125 0.2784946234375 0.33440860156249996 0.27822580625 0.339784946875 0.2594086015625 0.346236559375 0.24865591406249998 0.3572580640625 0.23763440937500002 0.36639784999999997 0.23333333281250002
1 0.4145161296875 0.51317204375 0.41774193593750003 0.481989246875 0.40510752656250004 0.46827957031249995 0.39220430156249997 0.4629032265625 0.35994623593749997 0.4607526875 0.34865591406249996 0.4634408609375 0.32822580625 0.47419354843750006 0.311290321875 0.4943548390625 0.30806451562500003 0.519086021875 0.310215053125 0.53037634375 0.3177419359375 0.5486559140625 0.33252688125 0.55967741875 0.34811827968750003 0.5639784953125 0.36182795625 0.5637096781250001 0.3879032265625 0.5564516125 0.4024193546875 0.5467741937499999 0.41774193593750003 0.530913978125 0.4145161296875 0.51317204375
1 0.5448924734375 0 0.5274193546875 0.013709678125 0.5263440859374999 0.02177419375 0.5290322578125 0.028763440624999997 0.5486559140625 0.05107526875 0.5620967734375 0.0607526875 0.576612903125 0.06505376406249999 0.5838709671875 0.064784946875 0.5948924734375 0.06182795625 0.6029569890625 0.056989246874999996 0.6161290328125 0.042741935937499996 0.6268817203125 0.023387096875 0.6271505375 0 0.5448924734375 0
0 0.5177419359375001 0.17177419375 0.5150537640625 0.16317204375 0.5083333328124999 0.153763440625 0.4948924734375 0.14677419375 0.4895161296875 0.14677419375 0.47231182812499994 0.15107526875 0.46021505312500005 0.1610215046875 0.45376344062499996 0.17392473125000002 0.44892473125 0.20510752656250003 0.45430107499999994 0.21747311875 0.46102150468750003 0.22311827968750003 0.49462365625000004 0.22768817187499998 0.50537634375 0.218010753125 0.512365590625 0.2040322578125 0.5166666671875 0.1884408609375 0.5177419359375001 0.17177419375
0 0.4145161296875 0.2513440859375 0.41182795624999996 0.2427419359375 0.4029569890625 0.2349462359375 0.3814516125 0.2317204296875 0.36747311875 0.23333333281250002 0.35618279531249997 0.238709678125 0.340860215625 0.2572580640625 0.3370967734375 0.277688171875 0.34139785 0.29489247343749997 0.3459677421875 0.29516129062499996 0.3567204296875 0.301612903125 0.37419354843749997 0.3018817203125 0.3895161296875 0.299462365625 0.3965053765625 0.296236559375 0.4064516125 0.28252688125000003 0.4145161296875 0.2513440859375
0 0.4045698921875 0.296236559375 0.38360215000000003 0.30107526875 0.3604838703125 0.3021505375 0.3518817203125 0.3 0.3454301078125 0.295698925 0.340860215625 0.2959677421875 0.3370967734375 0.3067204296875 0.33602150468750003 0.320161290625 0.3427419359375 0.340860215625 0.377688171875 0.34032258125000003 0.3895161296875 0.34247311874999997 0.400537634375 0.3475806453125 0.40779569843749996 0.34408602187500004 0.41827957031249996 0.3314516125 0.408064515625 0.3013440859375 0.4045698921875 0.296236559375
0 0.3860215046875 0.5610215046875 0.38413978437499996 0.55860215 0.3620967734375 0.5639784953125 0.3497311828125 0.5639784953125 0.33360215000000004 0.5602150531250001 0.321236559375 0.5526881718750001 0.3150537640625 0.5443548390624999 0.30806451562500003 0.5228494625 0.306989246875 0.51317204375 0.3107526875 0.4981182796875 0.3099462359375 0.494086021875 0.3021505375 0.5024193546875 0.29677419375 0.518010753125 0.297311828125 0.530913978125 0.293010753125 0.5470430109375 0.29462365625000003 0.56532258125 0.301612903125 0.58037634375 0.3099462359375 0.58817204375 0.3228494625 0.5935483875 0.337634409375 0.5943548390625 0.34865591406249996 0.59247311875 0.36532258125 0.5844086015625 0.3806451609375 0.570161290625 0.3860215046875 0.5610215046875
0 0.3564516125 0.9551075265625 0.36182795625 0.9448924734374999 0.37419354843749997 0.9303763437500001 0.3677419359375 0.912634409375 0.3583333328125 0.901612903125 0.3475806453125 0.894086021875 0.331989246875 0.889784946875 0.3061827953125 0.89139785 0.2895161296875 0.9 0.2790322578125 0.9088709671874999 0.2720430109375 0.919086021875 0.2655913984375 0.9379032265625 0.26720430156249997 0.9594086015625001 0.2790322578125 0.9814516125000001 0.29811827968750004 0.9940860218750001 0.3236559140625 0.9959677421875 0.33682795625 0.9935483875 0.34892473125 0.9873655906250001 0.350537634375 0.97392473125 0.3564516125 0.9551075265625
2 0.5650537640625 0.929301075 0.5688172046875 0.91747311875 0.5704301078125 0.8948924734375 0.5688172046875 0.88682795625 0.562365590625 0.8744623656250001 0.5486559140625 0.860215053125 0.533064515625 0.8521505375 0.5104838703125 0.8494623656250001 0.4889784953125 0.854838709375 0.47822580625000005 0.8607526875 0.46720430156250004 0.8706989249999999 0.45752688125 0.8857526874999999 0.4521505375 0.8986559140624999 0.450537634375 0.9233870968750001 0.45268817187500004 0.929301075 0.4728494625 0.9532258062500001 0.4943548390625 0.9612903218750001 0.5145161296875 0.9626344093749999 0.525537634375 0.9612903218750001 0.5422043015625 0.9548387093749999 0.558064515625 0.9405913984375 0.5650537640625 0.929301075