1 0.74247311875 0.4185483875 0.737634409375 0.4040322578125 0.7274193546875 0.38682795625 0.71747311875 0.37956989218750004 0.7056451609375001 0.3774193546875 0.6793010749999999 0.39032258125 0.6709677421875 0.3970430109375 0.6677419359375001 0.40672042968750005 0.6672043015625 0.416935484375 0.6731182796875 0.4470430109375 0.675 0.44892473125 0.7145161296875 0.45725806406249997 0.7215053765625 0.45188172031249996 0.7311827953125001 0.43682795625 0.74139785 0.429301075 0.74247311875 0.4185483875
1 0.6666666671875 0.41532258125 0.6682795703125 0.40080645156249994 0.6666666671875 0.3932795703125 0.6588709671874999 0.3844086015625 0.6427419359375001 0.3790322578125 0.63037634375 0.3806451609375 0.6231182796875 0.385215053125 0.608064515625 0.4120967734375 0.598387096875 0.43467741875000004 0.598387096875 0.4395161296875 0.6010752687500001 0.44381720468749997 0.62177419375 0.4650537640625 0.62822580625 0.46827957031249995 0.6365591390625001 0.46908602187500004 0.6432795703124999 0.4688172046875 0.665860215625 0.45268817187500004 0.6709677421875 0.4448924734375 0.6666666671875 0.41532258125
1 0.6731182796875 0.5572580640625 0.6693548390624999 0.5438172046874999 0.6693548390624999 0.5357526874999999 0.6731182796875 0.525537634375 0.6706989250000001 0.5209677421875 0.6556451609375 0.5139784953125 0.6405913984375 0.5107526874999999 0.618010753125 0.5107526874999999 0.6045698921875 0.5150537640625 0.58467741875 0.5274193546875 0.5741935484375 0.5405913984375 0.5661290328125 0.5610215046875 0.569086021875 0.5650537640625 0.585215053125 0.5682795703125 0.6024193546875 0.5768817203125 0.6193548390625 0.5932795703125 0.6311827953125 0.6190860218750001 0.6370967734375 0.620698925 0.6481182796875 0.6155913984375 0.6682795703125 0.5997311828125 0.6736559140625 0.57392473125 0.6731182796875 0.5572580640625
0 0.525 0.546236559375 0.5072580640625 0.5338709671874999 0.48575268749999995 0.5327956984375 0.47661290312500004 0.5344086015625 0.46747311874999997 0.54032258125 0.46021505312500005 0.5502688171875 0.459139784375 0.5712365593750001 0.462365590625 0.5857526875 0.4688172046875 0.5970430109375 0.475 0.60322580625 0.4784946234375 0.6029569890625 0.4870967734375 0.5884408609375 0.5013440859375 0.5736559140625 0.5322580640625 0.5577956984375 0.525 0.546236559375
2 0.59677419375 0.43790322656249997 0.604838709375 0.41747311875 0.6188172046875 0.3927419359375 0.6209677421875 0.383064515625 0.6172043015625001 0.372311828125 0.6040322578125 0.3607526875 0.5895161296875 0.355913978125 0.56532258125 0.353763440625 0.5481182796875 0.36612903281250003 0.5392473125 0.3771505375 0.5327956984375 0.39381720468750003 0.5344086015625 0.429301075 0.5456989250000001 0.4459677421875 0.5486559140625 0.44892473125 0.5537634406249999 0.44865591406250005 0.56639785 0.44247311875 0.58360215 0.43978494687499997 0.5922043015625 0.440860215625 0.59677419375 0.43790322656249997
2 0.529838709375 0.4354838703125 0.5051075265625 0.43924731250000004 0.49032258124999994 0.45188172031249996 0.4860215046875 0.4604838703125 0.48494623593749997 0.47231182812499994 0.487634409375 0.48790322656249996 0.49731182812499997 0.5018817203125 0.5013440859375 0.5059139781249999 0.506989246875 0.5072580640625 0.5215053765625 0.48413978437500005 0.548387096875 0.45510752656250003 0.54462365625 0.4475806453125 0.529838709375 0.4354838703125
2 0.7919354843749999 0.46424731250000006 0.7876344093750001 0.4529569890625 0.776612903125 0.440860215625 0.76532258125 0.4344086015625 0.7502688171874999 0.4327956984375 0.731989246875 0.43870967812500006 0.7155913984375 0.46317204375000004 0.7322580640624999 0.4959677421875 0.7365591390625 0.5104838703125 0.7491935484375001 0.5182795703124999 0.756989246875 0.5185483875 0.7696236562500001 0.5129032265625 0.7844086015625 0.49973118281250006 0.79032258125 0.48790322656249996 0.7919354843749999 0.46424731250000006
2 0.7306451609375 0.4943548390625 0.7123655906249999 0.4620967734375 0.7013440859375 0.45537634374999997 0.6868279562499999 0.451612903125 0.669086021875 0.45322580625000003 0.6567204296875 0.45967741875 0.645161290625 0.470161290625 0.6392473125 0.48252688125 0.638709678125 0.4916666671875 0.64247311875 0.5083333328124999 0.6470430109375 0.511290321875 0.664784946875 0.5150537640625 0.6790322578125 0.523387096875 0.7040322578125 0.5155913984375 0.730913978125 0.5139784953125 0.7344086015625 0.5104838703125 0.7306451609375 0.4943548390625
2 0.6188172046875 0.5088709671875 0.6204301078125 0.49381720468749996 0.6161290328125 0.483064515625 0.5970430109375 0.4688172046875 0.5723118281249999 0.458064515625 0.5524193546875 0.45537634374999997 0.5389784953125 0.4661290328125 0.5209677421875 0.485215053125 0.508064515625 0.5094086015625 0.508064515625 0.52607526875 0.5091397843750001 0.531989246875 0.53682795625 0.55537634375 0.5486559140625 0.55967741875 0.5618279562499999 0.5604838703125 0.5763440859375 0.5362903218749999 0.586290321875 0.5252688171875 0.6008064515625 0.5155913984375 0.6188172046875 0.5088709671875
2 0.5970430109375 0.44193548437499997 0.580913978125 0.44032258124999996 0.5685483875 0.44247311875 0.5532258062500001 0.4513440859375 0.5556451609375 0.45537634374999997 0.575537634375 0.45967741875 0.5948924734375 0.46827957031249995 0.6088709671875 0.47741935468749996 0.6198924734375 0.4884408609375 0.6220430109375 0.480913978125 0.6209677421875 0.46747311874999997 0.6107526875 0.4529569890625 0.5970430109375 0.44193548437499997
2 0.7715053765625 0.5712365593750001 0.7704301078125 0.5567204296875 0.7666666671875 0.5481182796875 0.7591397843750001 0.53682795625 0.7395161296875 0.5182795703124999 0.734139784375 0.5155913984375 0.7072580640624999 0.5155913984375 0.68037634375 0.5236559140625 0.6725806453125001 0.53252688125 0.6704301078125 0.5389784953125 0.6741935484375 0.5642473125 0.6709677421875 0.6002688171874999 0.673387096875 0.6021505375 0.6965053765625 0.6053763437499999 0.7088709671875 0.610215053125 0.7212365593750001 0.6182795703124999 0.7306451609375 0.61962365625 0.7416666671875001 0.6155913984375 0.7518817203125 0.608064515625 0.7655913984375 0.5905913984375 0.7715053765625 0.5712365593750001
2 0.4736559140625 0.6077956984374999 0.46666666718750005 0.5975806453125 0.46129032187499996 0.58467741875 0.458064515625 0.5567204296875 0.4481182796875 0.549462365625 0.42822580625000006 0.5478494625 0.420161290625 0.549462365625 0.4072580640625 0.555913978125 0.395161290625 0.5685483875 0.3854838703125 0.5970430109375 0.3849462359375 0.620698925 0.39032258125 0.63360215 0.40510752656250004 0.6489247312499999 0.41532258125 0.65322580625 0.42580645156249997 0.6534946234375 0.43575268749999996 0.6526881718750001 0.4422043015625 0.648387096875 0.4736559140625 0.61639785 0.4736559140625 0.6077956984374999
2 0.48225806406249994 0.62607526875 0.478763440625 0.6231182796875 0.46962365625 0.6241935484375001 0.45618279531250006 0.6349462359375 0.43978494687499997 0.6556451609375 0.43870967812500006 0.6594086015625 0.44354838750000003 0.6604838703125 0.46102150468750003 0.65537634375 0.48790322656249996 0.6537634406249999 0.48978494687499996 0.6508064515624999 0.48225806406249994 0.62607526875
2 0.42983870937499996 0.7801075265625 0.4400537640625 0.7768817203125 0.443010753125 0.7728494625 0.4274193546875 0.7583333328124999 0.4150537640625 0.7405913984375 0.41021505312500006 0.7034946234375 0.4056451609375 0.700537634375 0.3932795703125 0.6978494625 0.3728494625 0.69892473125 0.35779569843750003 0.7064516125 0.3392473125 0.725 0.3274193546875 0.7454301078125 0.3247311828125 0.7551075265625 0.32634408593750003 0.77607526875 0.33870967812499997 0.8002688171875001 0.3594086015625 0.8182795703125001 0.3774193546875 0.8266129031249999 0.390860215625 0.813709678125 0.396236559375 0.8040322578125 0.4088709671875 0.79139785 0.42983870937499996 0.7801075265625
2 0.49704301093750003 0.9177419359375 0.5209677421875 0.9077956984375 0.5241935484375 0.88682795625 0.5215053765625 0.8545698921874999 0.5188172046874999 0.8443548390625001 0.508064515625 0.825 0.49543010781249996 0.8118279562499999 0.478763440625 0.80107526875 0.4508064515625 0.7967741937499999 0.42177419374999997 0.79892473125 0.4061827953125 0.804838709375 0.3927419359375 0.8129032265625 0.37956989218750004 0.828763440625 0.3736559140625 0.8411290328125001 0.3682795703125 0.8620967734375 0.3672043015625 0.8841397843750001 0.3688172046875 0.8948924734375 0.3731182796875 0.9094086015625 0.377688171875 0.9166666671874999 0.40510752656250004 0.9182795703125001 0.42553763437500003 0.9252688171875001 0.44166666718750003 0.9349462359375 0.46021505312500005 0.9545698921874999 0.4634408609375 0.9529569890625 0.47473118281250004 0.9357526875 0.48575268749999995 0.9252688171875001 0.49704301093750003 0.9177419359375
2 0.434139784375 0.9301075265625001 0.4045698921875 0.9188172046874999 0.3771505375 0.9188172046874999 0.34811827968750003 0.9295698921875 0.32688172031249996 0.9486559140624999 0.3177419359375 0.968010753125 0.31612903281250004 0.98360215 0.31854838750000003 1 0.46129032187499996 0.9997311828125 0.46021505312500005 0.9620967734375 0.45322580625000003 0.9486559140624999 0.4432795703125 0.9370967734375 0.434139784375 0.9301075265625001
2 0.37419354843749997 0.91747311875 0.36666666718749996 0.886290321875 0.35403225781250003 0.8768817203125 0.33252688125 0.8682795703125 0.31209677343750003 0.8650537640625 0.279301075 0.8677419359374999 0.2594086015625 0.8763440859375 0.2465053765625 0.8860215046875 0.2311827953125 0.9067204296875 0.21720430156249998 0.9491935484375 0.2166666671875 0.965860215625 0.21935483906250003 0.98037634375 0.2236559140625 0.9927419359374999 0.228763440625 1 0.3177419359375 0.9997311828125 0.3166666671875 0.9712365593750001 0.3258064515625 0.9491935484375 0.3454301078125 0.9301075265625001 0.37419354843749997 0.91747311875
2 0.577688171875 0.9231182796875 0.5572580640625 0.9134408609375001 0.52822580625 0.9102150531250001 0.51317204375 0.9123655906250001 0.4981182796875 0.9182795703125001 0.4884408609375 0.9241935484375 0.47473118281250004 0.9368279562499999 0.46720430156250004 0.9475806453125 0.46182795624999995 0.9615591390624999 0.46129032187499996 0.9911290328125 0.463709678125 1 0.608064515625 0.9997311828125 0.6064516125 0.966935484375 0.601612903125 0.9524193546875 0.5935483875 0.937365590625 0.577688171875 0.9231182796875
2 0.6943548390625 0.9182795703125001 0.671236559375 0.91182795625 0.6427419359375001 0.9123655906250001 0.6233870968749999 0.9177419359375 0.6083333328125 0.9252688171875001 0.59462365625 0.937365590625 0.60752688125 0.9674731187500001 0.6094086015625 1 0.7370967734375 0.9997311828125 0.7306451609375 0.9620967734375 0.7215053765625 0.9405913984375 0.7067204296875 0.9252688171875001 0.6943548390625 0.9182795703125001
2 0.6526881718750001 0.8755376343749999 0.65322580625 0.8620967734375 0.65 0.8427419359374999 0.64247311875 0.82607526875 0.6309139781249999 0.8129032265625 0.6099462359375 0.79892473125 0.5889784953125 0.8 0.5631720437500001 0.8053763437500001 0.5524193546875 0.80967741875 0.5306451609375 0.8266129031249999 0.5209677421875 0.8438172046875 0.5247311828125001 0.871236559375 0.5225806453125 0.9077956984375 0.525 0.90967741875 0.5454301078125 0.9102150531250001 0.5642473125 0.9150537640625 0.58360215 0.9263440859375001 0.5895161296875 0.9322580640625 0.595698925 0.933064515625 0.612634409375 0.9220430109375 0.639784946875 0.9099462359375 0.6478494625 0.8954301078125001 0.6526881718750001 0.8755376343749999
2 0.7892473125 0.87607526875 0.793010753125 0.8604838703125001 0.7935483875 0.8432795703125 0.7854838703125 0.8233870968750001 0.7685483875 0.806989246875 0.7465053765625 0.796236559375 0.728763440625 0.793010753125 0.7258064515625 0.7948924734375 0.7258064515625 0.7975806453125001 0.7333333328125 0.816935484375 0.7333333328125 0.82607526875 0.7295698921875 0.8416666671874999 0.7258064515625 0.8486559140625 0.70860215 0.868010753125 0.69139785 0.8814516125 0.6897849468749999 0.8873655906250001 0.694086021875 0.8975806453124999 0.7040322578125 0.904301075 0.71962365625 0.90967741875 0.74247311875 0.9104838703125001 0.7529569890625 0.909139784375 0.76317204375 0.904838709375 0.7817204296875 0.8905913984374999 0.7892473125 0.87607526875
2 0.7333333328125 0.8196236562499999 0.7231182796875 0.7927419359375001 0.7123655906249999 0.783064515625 0.6991935484375 0.7666666671875 0.6900537640625 0.76182795625 0.672311828125 0.75967741875 0.6502688171875 0.7655913984375 0.636290321875 0.7736559140625 0.6220430109375 0.7846774187500001 0.6145161296875 0.7965053765625 0.6185483875 0.8032258062500001 0.6392473125 0.820161290625 0.647311828125 0.8346774187499999 0.6526881718750001 0.8551075265625 0.65322580625 0.8793010750000001 0.66317204375 0.8827956984374999 0.6795698921875 0.8825268812499999 0.6981182796875001 0.8768817203125 0.7204301078124999 0.8545698921874999 0.7301075265625 0.8395161296874999 0.7333333328125 0.8196236562499999
2 0.5857526875 0.8 0.611290321875 0.7975806453125001 0.61182795625 0.7927419359375001 0.60752688125 0.7814516125 0.5965053765625 0.7650537640625 0.5723118281249999 0.75 0.5577956984375 0.746236559375 0.5411290328125 0.745698925 0.5196236562500001 0.750537634375 0.5067204296875001 0.75752688125 0.49623655937500005 0.7663978499999999 0.4844086015625 0.7846774187500001 0.48172042968750006 0.8008064515625 0.48467741875000003 0.804838709375 0.5034946234375 0.8177419359375 0.512365590625 0.828763440625 0.5177419359375001 0.8395161296874999 0.5220430109375 0.8400537640625 0.5279569890625 0.828763440625 0.5352150531250001 0.8209677421875 0.5556451609375 0.8075268812499999 0.5857526875 0.8
2 0.525537634375 0.7478494625 0.5481182796875 0.74462365625 0.55 0.7427419359375 0.54892473125 0.7024193546874999 0.54139785 0.6889784953125 0.53252688125 0.6801075265625001 0.5094086015625 0.6629032265625 0.49704301093750003 0.656989246875 0.48252688125 0.654301075 0.462634409375 0.65537634375 0.4400537640625 0.6607526874999999 0.4236559140625 0.674462365625 0.4134408609375 0.6938172046875 0.41182795624999996 0.7077956984375 0.41559139843750004 0.7389784953125 0.4279569890625 0.7577956984374999 0.44435483906249995 0.7715053765625 0.45779569843749995 0.7795698921875001 0.474462365625 0.7838709671874999 0.48172042968750006 0.78360215 0.4860215046875 0.78037634375 0.495698925 0.765860215625 0.5110215046875 0.753763440625 0.525537634375 0.7478494625
2 0.47930107499999997 0.8016129031249999 0.4811827953125 0.7922043015625 0.47392473125 0.7860215046875 0.45510752656250003 0.7795698921875001 0.43467741875000004 0.7795698921875001 0.4094086015625 0.79139785 0.394086021875 0.8077956984375 0.39677419375 0.8104838703125001 0.4120967734375 0.8021505375 0.4395161296875 0.7967741937499999 0.45510752656250003 0.797311828125 0.47930107499999997 0.8016129031249999
2 0.6115591390625 0.6629032265625 0.624462365625 0.662365590625 0.6295698921875 0.6556451609375 0.6311827953125 0.6438172046874999 0.6301075265625 0.620161290625 0.6225806453125 0.5991935484375001 0.6034946234375 0.5784946234375 0.578763440625 0.5672043015625 0.5637096781250001 0.5672043015625 0.5271505375000001 0.5779569890625 0.50967741875 0.5948924734375 0.49892473125 0.6190860218750001 0.49731182812499997 0.6438172046874999 0.5 0.6561827953125 0.529301075 0.6758064515625 0.540860215625 0.6868279562499999 0.546236559375 0.6954301078125 0.551612903125 0.6981182796875001 0.5631720437500001 0.6865591390625 0.5798387093749999 0.6790322578125 0.5916666671875 0.6698924734375 0.6115591390625 0.6629032265625
2 0.5107526874999999 0.5938172046875 0.52822580625 0.5779569890625 0.5583333328125 0.5693548390625 0.5572580640625 0.5661290328125 0.5422043015625 0.5612903218749999 0.52607526875 0.5618279562499999 0.5045698921875 0.5715053765625 0.487634409375 0.5884408609375 0.4795698921875 0.6040322578125 0.47903225781250003 0.6190860218750001 0.48924731250000003 0.6465053765625 0.49516129062500003 0.6508064515624999 0.49731182812499997 0.6481182796875 0.49731182812499997 0.6309139781249999 0.5 0.6158602156249999 0.5107526874999999 0.5938172046875
2 0.7008064515625 0.60752688125 0.683064515625 0.60322580625 0.668010753125 0.603763440625 0.6491935484375 0.6155913984375 0.6338709671875 0.631989246875 0.6322580640625 0.6491935484375 0.63467741875 0.6521505375000001 0.66962365625 0.6365591390625001 0.6905913984375001 0.6349462359375 0.7061827953125001 0.638709678125 0.715860215625 0.644086021875 0.7338709671875 0.663709678125 0.7360215046875 0.6491935484375 0.7295698921875 0.6314516125 0.720161290625 0.6193548390625 0.7008064515625 0.60752688125
2 0.7435483875 0.7104838703125 0.74462365625 0.6916666671875 0.7333333328125 0.6642473125 0.7185483875 0.646236559375 0.6986559140625 0.6360215046875 0.68252688125 0.6344086015625 0.671236559375 0.6360215046875 0.6470430109375 0.646236559375 0.63467741875 0.6537634406249999 0.6311827953125 0.6572580640625 0.6295698921875 0.66317204375 0.6521505375000001 0.6787634406249999 0.6661290328125 0.7018817203125 0.6693548390624999 0.715860215625 0.6693548390624999 0.7303763437499999 0.6650537640625 0.7572580640625 0.69139785 0.7599462359375 0.7120967734375 0.7516129031250001 0.7284946234375 0.7411290328125 0.73817204375 0.725537634375 0.7435483875 0.7104838703125
1 0.6688172046874999 0.73467741875 0.6693548390624999 0.716935484375 0.6629032265625 0.6959677421875 0.6475806453125 0.6752688171875 0.6271505375 0.6634408609375 0.613709678125 0.6634408609375 0.6013440859375 0.6666666671875 0.581989246875 0.6790322578125 0.5642473125 0.6865591390625 0.554838709375 0.6975806453125 0.550537634375 0.7088709671875 0.5521505375 0.7432795703124999 0.5712365593750001 0.74892473125 0.5830645156250001 0.754838709375 0.599462365625 0.76747311875 0.6104838703125 0.7833333328125 0.6177419359375 0.7852150531250001 0.6443548390625 0.7677419359375001 0.6610215046875 0.760215053125 0.6650537640625 0.7524193546875 0.6688172046874999 0.73467741875