1 0.6682795703125 0.27284946250000003 0.6672043015625 0.26209677343750004 0.6634408609375 0.2556451609375 0.6448924734375 0.24354838750000002 0.63360215 0.24354838750000002 0.62392473125 0.2478494625 0.6161290328125 0.2556451609375 0.609139784375 0.26962365625 0.609139784375 0.28091397812499996 0.6134408609374999 0.2900537640625 0.625 0.299462365625 0.6360215046875 0.3034946234375 0.6454301078125 0.3021505375 0.6551075265625 0.29677419375 0.6629032265625 0.2879032265625 0.6682795703125 0.27284946250000003
1 0.42634408593749995 0.45940860156249996 0.4228494625 0.447311828125 0.40672042968750005 0.44462365625 0.38844086093749997 0.4365591390625 0.3763440859375 0.4513440859375 0.3731182796875 0.4604838703125 0.3731182796875 0.470161290625 0.37795698906249997 0.480913978125 0.38467741875 0.48870967812500005 0.3916666671875 0.494086021875 0.40161290312500003 0.4959677421875 0.40537634375 0.49327957031249997 0.4134408609375 0.47607526875 0.42634408593749995 0.463709678125 0.42634408593749995 0.45940860156249996
1 0.49731182812499997 0.43467741875000004 0.49032258124999994 0.4228494625 0.47930107499999997 0.4150537640625 0.466935484375 0.411290321875 0.4481182796875 0.412365590625 0.43709677343750003 0.419086021875 0.42634408593749995 0.43521505312500003 0.42473118281250005 0.45188172031249996 0.4268817203125 0.4615591390625 0.4360215046875 0.474462365625 0.44166666718750003 0.4784946234375 0.4545698921875 0.48333333281249996 0.4688172046875 0.48413978437500005 0.485215053125 0.4779569890625 0.493010753125 0.46962365625 0.49892473125 0.4524193546875 0.49731182812499997 0.43467741875000004
1 0.48817204375 0.337365590625 0.47983870937499995 0.33010752656250003 0.47123655937500003 0.3274193546875 0.4513440859375 0.32634408593750003 0.444086021875 0.33252688125 0.4354838703125 0.3497311828125 0.43387096718749996 0.3572580640625 0.4360215046875 0.36747311875 0.44032258124999996 0.376612903125 0.4524193546875 0.38817204375 0.4709677421875 0.3911290328125 0.494086021875 0.3771505375 0.49784946249999995 0.36586021562500004 0.49677419375 0.3534946234375 0.48817204375 0.337365590625
1 0.65860215 0.23037634375 0.6529569890625 0.2258064515625 0.63037634375 0.21881720468750002 0.6115591390625 0.20860215000000001 0.6045698921875 0.206989246875 0.603763440625 0.2142473125 0.60752688125 0.22607526875 0.624462365625 0.23978494687500002 0.637634409375 0.2432795703125 0.6448924734375 0.243010753125 0.6518817203125 0.23978494687500002 0.658064515625 0.23467741874999998 0.65860215 0.23037634375
1 0.487634409375 0.1422043015625 0.48494623593749997 0.13521505312499998 0.477688171875 0.1279569890625 0.4604838703125 0.1231182796875 0.4529569890625 0.1247311828125 0.443010753125 0.13145161249999998 0.43817204375 0.1411290328125 0.43709677343750003 0.1497311828125 0.440860215625 0.1615591390625 0.4481182796875 0.1688172046875 0.4540322578125 0.17204301093750002 0.4655913984375 0.1728494625 0.47661290312500004 0.16935483906249998 0.4844086015625 0.1615591390625 0.4870967734375 0.1545698921875 0.487634409375 0.1422043015625
1 0.4650537640625 0.1002688171875 0.4607526875 0.08629032187499999 0.4513440859375 0.0763440859375 0.4432795703125 0.0741935484375 0.427688171875 0.0752688171875 0.420161290625 0.07903225781249999 0.412365590625 0.0900537640625 0.41075268749999994 0.0997311828125 0.412365590625 0.1142473125 0.41827957031249996 0.12768817187499998 0.430913978125 0.13817204375 0.43763440937500003 0.1389784953125 0.44919354843750003 0.1263440859375 0.46317204375000004 0.12258064531249999 0.4655913984375 0.11639785 0.4650537640625 0.1002688171875
0 0.40779569843749996 0.093010753125 0.40080645156249994 0.096236559375 0.39247311875 0.1051075265625 0.388709678125 0.1142473125 0.38817204375 0.125 0.3905913984375 0.1290322578125 0.4161290328125 0.128763440625 0.41774193593750003 0.125537634375 0.412365590625 0.11317204375 0.411290321875 0.0948924734375 0.40779569843749996 0.093010753125
0 0.4395161296875 0.16559139843749998 0.4301075265625 0.172311828125 0.42473118281250005 0.1814516125 0.4252688171875 0.1997311828125 0.4317204296875 0.21747311875 0.4400537640625 0.2241935484375 0.450537634375 0.225 0.4715053765625 0.21209677343750002 0.4725806453125 0.1884408609375 0.46639785 0.1752688171875 0.4395161296875 0.16559139843749998
0 0.5129032265625 0.39596774218749997 0.5107526874999999 0.3905913984375 0.5040322578125 0.3844086015625 0.4943548390625 0.3811827953125 0.48682795624999997 0.3822580640625 0.47930107499999997 0.3854838703125 0.4709677421875 0.3927419359375 0.4677419359375 0.4040322578125 0.46827957031249995 0.4094086015625 0.485215053125 0.41827957031249996 0.4943548390625 0.4268817203125 0.499462365625 0.42715053750000004 0.5061827953125 0.4225806453125 0.512365590625 0.41478494687499995 0.5139784953125 0.4088709671875 0.5129032265625 0.39596774218749997
2 0.445698925 0.4120967734375 0.445698925 0.40779569843749996 0.43978494687499997 0.3954301078125 0.42876344062499994 0.3865591390625 0.41639784999999996 0.3817204296875 0.4024193546875 0.3827956984375 0.3865591390625 0.3981182796875 0.3822580640625 0.4099462359375 0.3822580640625 0.420161290625 0.38817204375 0.43252688125 0.3948924734375 0.43924731250000004 0.4061827953125 0.44462365625 0.4204301078125 0.4459677421875 0.4241935484375 0.44381720468749997 0.42580645156249997 0.43575268749999996 0.4344086015625 0.42231182812499996 0.445698925 0.4120967734375
2 0.4709677421875 0.4895161296875 0.4685483875 0.4844086015625 0.45725806406249997 0.4838709671875 0.44166666718750003 0.4784946234375 0.427688171875 0.4645161296875 0.41774193593750003 0.47069892500000005 0.40913978437500004 0.48360215 0.404838709375 0.4943548390625 0.40376344062499997 0.512634409375 0.40752688125000003 0.525 0.415860215625 0.5344086015625 0.42392473124999996 0.538709678125 0.440860215625 0.5400537640625 0.4534946234375 0.5354838703125 0.4645161296875 0.5228494625 0.4709677421875 0.5061827953125 0.4709677421875 0.4895161296875
2 0.5317204296875 0.49327957031249997 0.5072580640625 0.4827956984375 0.49381720468749996 0.4709677421875 0.483064515625 0.4795698921875 0.4715053765625 0.48467741875000003 0.4704301078125 0.5099462359375 0.47392473125 0.5150537640625 0.4889784953125 0.5258064515624999 0.50107526875 0.5271505375000001 0.5120967734375 0.5236559140625 0.5225806453125 0.51532258125 0.5284946234375 0.5072580640625 0.5317204296875 0.49327957031249997
2 0.5655913984375001 0.44381720468749997 0.559139784375 0.430913978125 0.5475806453125001 0.4209677421875 0.53252688125 0.4161290328125 0.516935484375 0.41720430156250005 0.5077956984374999 0.4215053765625 0.49784946249999995 0.431989246875 0.49892473125 0.4524193546875 0.495698925 0.46908602187500004 0.49892473125 0.475 0.5094086015625 0.4844086015625 0.5276881718750001 0.490860215625 0.53817204375 0.49112903281250003 0.5529569890625 0.4860215046875 0.562365590625 0.475537634375 0.5666666671875 0.463709678125 0.5655913984375001 0.44381720468749997
2 0.558064515625 0.33360215000000004 0.5537634406249999 0.320161290625 0.5459677421875 0.30860215 0.53252688125 0.29892473124999996 0.516935484375 0.2978494625 0.5051075265625 0.30107526875 0.5016129031250001 0.3040322578125 0.48817204375 0.32177419375 0.4870967734375 0.3314516125 0.5008064515624999 0.35860215 0.512634409375 0.3650537640625 0.5258064515624999 0.36639784999999997 0.5379032265625 0.3639784953125 0.549462365625 0.3556451609375 0.556989246875 0.34489247343749996 0.558064515625 0.33360215000000004
2 0.5561827953125 0.29516129062499996 0.5475806453125001 0.29032258125 0.5416666671875 0.289784946875 0.5344086015625 0.2997311828125 0.54892473125 0.31263440937500003 0.556989246875 0.33413978437499997 0.55860215 0.33413978437499997 0.5610215046875 0.3338709671875 0.5655913984375001 0.327688171875 0.5645161296875 0.3051075265625 0.5561827953125 0.29516129062499996
2 0.7225806453125 0.28897849531249997 0.7161290328125001 0.275 0.7067204296875 0.2655913984375 0.6965053765625 0.26182795625 0.6787634406249999 0.2639784953125 0.6693548390624999 0.271236559375 0.6639784953125 0.28629032187500003 0.6639784953125 0.2970430109375 0.6704301078125 0.3115591390625 0.6787634406249999 0.3204301078125 0.6879032265625 0.3258064515625 0.7 0.327688171875 0.7104838703125 0.3236559140625 0.7198924734375 0.31532258125 0.7236559140625001 0.3040322578125 0.7225806453125 0.28897849531249997
2 0.62392473125 0.2478494625 0.6301075265625 0.2438172046875 0.6094086015625 0.2279569890625 0.6002688171874999 0.2284946234375 0.58682795625 0.23387096718749997 0.5779569890625 0.2422043015625 0.5731182796875001 0.25456989218750004 0.5779569890625 0.272311828125 0.5830645156250001 0.28064516093749997 0.5959677421875 0.2854838703125 0.604301075 0.285215053125 0.609139784375 0.283064515625 0.609139784375 0.272311828125 0.6134408609374999 0.2599462359375 0.62392473125 0.2478494625
2 0.543010753125 0.263709678125 0.5344086015625 0.2518817203125 0.525 0.24516129062499997 0.51317204375 0.24462365625000002 0.5029569890625 0.248387096875 0.493010753125 0.25887096718749997 0.48870967812500005 0.266935484375 0.49892473125 0.279838709375 0.50322580625 0.2970430109375 0.5064516125 0.2997311828125 0.533064515625 0.298387096875 0.54247311875 0.2879032265625 0.5451612906250001 0.27822580625 0.543010753125 0.263709678125
2 0.5231182796875 0.18682795624999998 0.52177419375 0.18494623593749998 0.5061827953125 0.1833333328125 0.4975806453125 0.1790322578125 0.48736559062499996 0.1698924734375 0.481989246875 0.1704301078125 0.4715053765625 0.179838709375 0.47311827968750003 0.1911290328125 0.4720430109375 0.21317204374999998 0.48252688125 0.22473118281249999 0.4948924734375 0.2295698921875 0.503763440625 0.22930107500000002 0.5142473125 0.2241935484375 0.5225806453125 0.214784946875 0.5258064515624999 0.2024193546875 0.5231182796875 0.18682795624999998
2 0.5532258062500001 0.1529569890625 0.549462365625 0.1395161296875 0.5416666671875 0.1311827953125 0.5276881718750001 0.1247311828125 0.5142473125 0.1241935484375 0.49543010781249996 0.1311827953125 0.48870967812500005 0.1379032265625 0.4854838703125 0.16532258125 0.48817204375 0.170698925 0.4981182796875 0.1795698921875 0.5099462359375 0.1844086015625 0.5231182796875 0.18467741875000002 0.537365590625 0.1801075265625 0.5467741937499999 0.172311828125 0.551612903125 0.16317204375 0.5532258062500001 0.1529569890625
2 0.5166666671875 0.11747311875 0.5110215046875 0.11129032187500001 0.5008064515624999 0.10537634375 0.485215053125 0.10376344062500001 0.4771505375 0.105913978125 0.47473118281250004 0.1088709671875 0.4763440859375 0.125537634375 0.486290321875 0.1349462359375 0.48817204375 0.13467741875 0.5051075265625 0.1268817203125 0.516935484375 0.1241935484375 0.5188172046874999 0.12177419375000001 0.5166666671875 0.11747311875
2 0.4365591390625 0.1470430109375 0.43037634375 0.137634409375 0.41962365625000003 0.1306451609375 0.4094086015625 0.1290322578125 0.387365590625 0.1301075265625 0.380913978125 0.13333333281249998 0.3725806453125 0.1422043015625 0.3693548390625 0.1572580640625 0.37043010781249996 0.1728494625 0.37419354843749997 0.179838709375 0.38360215000000003 0.187634409375 0.39220430156249997 0.190860215625 0.40430107499999995 0.1905913984375 0.42311827968750004 0.18467741875000002 0.4284946234375 0.173387096875 0.43817204375 0.16317204375 0.4365591390625 0.1470430109375
2 0.447311828125 0.22768817187499998 0.43575268749999996 0.2215053765625 0.4301075265625 0.2142473125 0.42634408593749995 0.20456989218750002 0.4241935484375 0.187365590625 0.42177419374999997 0.1860215046875 0.40672042968750005 0.19032258124999998 0.3965053765625 0.190860215625 0.39139785 0.1997311828125 0.39139785 0.22016129062499998 0.40026881718749996 0.2317204296875 0.40860215 0.235215053125 0.423387096875 0.2311827953125 0.43306451562500003 0.2311827953125 0.44112903281250004 0.23440860156249999 0.447311828125 0.22768817187499998
2 0.447311828125 0.2438172046875 0.43575268749999996 0.2322580640625 0.423387096875 0.2311827953125 0.4040322578125 0.2360215046875 0.395161290625 0.24435483906250002 0.391935484375 0.2518817203125 0.389784946875 0.271236559375 0.39247311875 0.2916666671875 0.3943548390625 0.29462365625000003 0.420161290625 0.2935483875 0.4317204296875 0.2959677421875 0.43763440937500003 0.27715053749999996 0.45376344062499996 0.25887096718749997 0.4521505375 0.25295698906249997 0.447311828125 0.2438172046875
2 0.444086021875 0.32607526875000004 0.444086021875 0.319086021875 0.43709677343750003 0.3040322578125 0.42983870937499996 0.29677419375 0.4185483875 0.2935483875 0.3927419359375 0.29677419375 0.3827956984375 0.3083333328125 0.3752688171875 0.325537634375 0.3774193546875 0.3438172046875 0.385215053125 0.355913978125 0.39758064531250004 0.3607526875 0.4129032265625 0.3610215046875 0.42983870937499996 0.35537634375 0.43333333281249997 0.3518817203125 0.44139785 0.33682795625 0.444086021875 0.32607526875000004
2 0.3790322578125 0.31532258125 0.388709678125 0.3018817203125 0.38682795625 0.3 0.3771505375 0.3021505375 0.3688172046875 0.3083333328125 0.3639784953125 0.31639785 0.36182795625 0.325537634375 0.36290322656249996 0.33413978437499997 0.3682795703125 0.3454301078125 0.3771505375 0.35322580625 0.3817204296875 0.3545698921875 0.3827956984375 0.3534946234375 0.3768817203125 0.3432795703125 0.3752688171875 0.326612903125 0.3790322578125 0.31532258125
2 0.5016129031250001 0.2857526875 0.495698925 0.275 0.483064515625 0.26344086093749997 0.47392473125 0.25913978437499996 0.45725806406249997 0.25967741875 0.4481182796875 0.2645161296875 0.43763440937500003 0.27715053749999996 0.43387096718749996 0.2884408609375 0.43387096718749996 0.29865591406249997 0.4465053765625 0.3198924734375 0.4583333328125 0.3258064515625 0.47580645156249995 0.3271505375 0.48790322656249996 0.3215053765625 0.498387096875 0.3083333328125 0.502688171875 0.2970430109375 0.5016129031250001 0.2857526875
2 0.3889784953125 0.35860215 0.3811827953125 0.369086021875 0.3790322578125 0.379838709375 0.3806451609375 0.39220430156249997 0.3854838703125 0.3986559140625 0.40161290312500003 0.383064515625 0.40430107499999995 0.36532258125 0.40080645156249994 0.36182795625 0.3889784953125 0.35860215
2 0.40268817187500006 0.364784946875 0.40107526875 0.373387096875 0.4029569890625 0.3822580640625 0.420161290625 0.3827956984375 0.43978494687499997 0.39381720468750003 0.44946236562499997 0.3879032265625 0.43817204375 0.372311828125 0.43145161249999997 0.354838709375 0.40268817187500006 0.364784946875