0 0.9689127609374999 0.3313802078125 0.9552408859374999 0.3388671875 0.9453125 0.3497721359375 0.9427083328125001 0.3592122390625 0.9443359375 0.37939453125 0.947265625 0.3839518234375 0.95947265625 0.3951822921875 0.9658203125 0.39599609375 1 0.3904622390625 0.9998372390625001 0.3297526046875 0.9822591140625001 0.3287760421875 0.9689127609374999 0.3313802078125
0 0.861328125 0.5177408859375 0.8600260421874999 0.5066731765625 0.8502604171874999 0.48876953125 0.8416341140625001 0.48046875 0.8279622390625001 0.4733072921875 0.8235677078125001 0.47314453125 0.8138020828125001 0.4962565109375 0.8064778640625001 0.5055338546875 0.7947591140625 0.5120442703125 0.7804361984375 0.513671875 0.7796223953125 0.5154622390625 0.7822265625 0.5255533859375 0.7879231765625 0.5345052078125 0.7967122390625 0.541015625 0.80322265625 0.5436197921875 0.80908203125 0.5455729171875 0.8193359375 0.5457356765625 0.8312174484374999 0.54296875 0.8429361984374999 0.5374348953125 0.8577473953125001 0.5252278640625 0.861328125 0.5177408859375
0 0.783203125 0.57666015625 0.7861328125 0.56884765625 0.7887369796875 0.5535481765625 0.78515625 0.5333658859375 0.7763671875 0.51513671875 0.7589518234375 0.5061848953125 0.7491861984375 0.4990234375 0.7413736984375 0.5 0.7286783859375 0.509765625 0.70849609375 0.5166015625 0.7044270828125 0.5196940109375 0.6959635421875 0.54150390625 0.693359375 0.55615234375 0.6975911453125 0.56884765625 0.7024739578125 0.57861328125 0.71142578125 0.5888671875 0.72998046875 0.5983072921875 0.7415364578125 0.60009765625 0.7605794265625 0.5970052078125 0.7687174484375 0.5930989578125 0.77392578125 0.5888671875 0.783203125 0.57666015625
0 0.82421875 0.45751953125 0.8199869796874999 0.44775390625 0.8077799484374999 0.4358723953125 0.7950846359375 0.4300130203125 0.77978515625 0.4296875 0.7677408859375 0.4329427078125 0.7565104171875 0.4412434890625 0.744140625 0.4627278640625 0.7428385421875 0.4786783859375 0.74609375 0.4890950515625 0.7503255203125 0.4969075515625 0.76025390625 0.5061848953125 0.7762044265625 0.5133463546875 0.7887369796875 0.51318359375 0.80029296875 0.5094401046875 0.8115234375 0.4998372390625 0.8229166671874999 0.4747721359375 0.82421875 0.45751953125
0 0.740234375 0.49365234375 0.7425130203125 0.4825846359375 0.7431640625 0.4627278640625 0.72705078125 0.4466145828125 0.7208658859375 0.443359375 0.69677734375 0.439453125 0.6857096359375 0.4397786453125 0.6765950515625 0.4423828125 0.6668294265625 0.4475911453125 0.6575520828125 0.4562174484375 0.6533203125 0.4718424484375 0.6546223953125 0.48583984375 0.6614583328125 0.49560546875 0.67333984375 0.5065104171875 0.68603515625 0.5133463546875 0.6941731765625 0.515625 0.7060546875 0.51611328125 0.72509765625 0.5104166671875 0.73193359375 0.5061848953125 0.7366536453125 0.5011393234375 0.740234375 0.49365234375
0 0.8001302078125001 0.4236653640625 0.8063151046874999 0.41552734375 0.8115234375 0.40087890625 0.8147786453125001 0.38623046875 0.814453125 0.3761393234375 0.8128255203125001 0.3693033859375 0.80322265625 0.3531901046875 0.7908528640625 0.3479817703125 0.7801106765625 0.3466796875 0.7644856765625 0.3522135421875 0.7555338546875 0.35986328125 0.7444661453125 0.3777669265625 0.7421875 0.39208984375 0.7451171875 0.4119466140625 0.7506510421875 0.4226888015625 0.7560221359375 0.4280598953125 0.7649739578125 0.4327799484375 0.7804361984375 0.4287109375 0.79248046875 0.4287109375 0.7960611984375 0.4267578125 0.8001302078125001 0.4236653640625
0 0.83203125 0.3839518234375 0.8297526046874999 0.37158203125 0.8258463546874999 0.36572265625 0.8155924484374999 0.3564453125 0.8058268234374999 0.353515625 0.8046875 0.35693359375 0.8111979171874999 0.3663736984375 0.814453125 0.3800455734375 0.8115234375 0.4002278640625 0.8063151046874999 0.4158528640625 0.80859375 0.4161783859375 0.8155924484374999 0.412109375 0.8225911453125001 0.4051106765625 0.8307291671874999 0.3924153640625 0.83203125 0.3839518234375
0 0.7630208328125 0.35302734375 0.763671875 0.34814453125 0.7594401046875 0.3377278640625 0.7491861984375 0.328125 0.73974609375 0.3251953125 0.7277018234375 0.3255208328125 0.7179361984375 0.3297526046875 0.7099609375 0.33740234375 0.7044270828125 0.3497721359375 0.7041015625 0.3624674484375 0.70556640625 0.3649088546875 0.71533203125 0.3678385421875 0.72607421875 0.3740234375 0.7327473953125 0.37939453125 0.7415364578125 0.3898111984375 0.7438151046875 0.3800455734375 0.7483723953125 0.3689778640625 0.75390625 0.36083984375 0.7630208328125 0.35302734375
0 0.7106119796875 0.33740234375 0.7102864578125 0.3351236984375 0.70458984375 0.3346354171875 0.6944986984375 0.3369140625 0.6866861984375 0.3414713546875 0.6806640625 0.3484700515625 0.6741536453125 0.3592122390625 0.6731770828125 0.3650716140625 0.6748046875 0.3660481765625 0.6873372390625 0.3642578125 0.70263671875 0.3645833328125 0.705078125 0.3478190109375 0.7106119796875 0.33740234375
0 0.7421875 0.4158528640625 0.7431640625 0.4122721359375 0.7428385421875 0.3995768234375 0.7408854171875 0.3907877609375 0.7373046875 0.3849283859375 0.7257486984375 0.3736979171875 0.71533203125 0.3678385421875 0.70654296875 0.365234375 0.68505859375 0.3642578125 0.67529296875 0.3662109375 0.6668294265625 0.3701171875 0.6572265625 0.38037109375 0.6536458328125 0.3904622390625 0.6536458328125 0.39990234375 0.6559244796875 0.41162109375 0.662109375 0.42333984375 0.6697591140625 0.4300130203125 0.68310546875 0.4381510421875 0.7145182296875 0.4405924484375 0.7218424484375 0.4388020828125 0.7293294265625 0.4345703125 0.7360026046875 0.4275716140625 0.7421875 0.4158528640625
0 0.6798502609375 0.435546875 0.67529296875 0.4342447921875 0.66455078125 0.4264322921875 0.66015625 0.42041015625 0.6559244796875 0.41162109375 0.6533203125 0.3992513015625 0.6536458328125 0.3924153640625 0.6512044265625 0.3893229171875 0.63818359375 0.3922526046875 0.6305338546875 0.3972981765625 0.6220703125 0.40869140625 0.6197916671875 0.4181315109375 0.6197916671875 0.4239908859375 0.623046875 0.4357096359375 0.6339518234375 0.447265625 0.6446940109375 0.4527994796875 0.6529947921875 0.45361328125 0.6590169265625 0.4534505203125 0.66552734375 0.4479166671875 0.6809895828125 0.4386393234375 0.6798502609375 0.435546875
0 0.6936848953125 0.5177408859375 0.67431640625 0.5071614578125 0.6551106765625 0.4905598953125 0.6472981765625 0.4915364578125 0.6280924484375 0.4970703125 0.6217447921875 0.5056966140625 0.6188151046875 0.51318359375 0.6194661453125 0.5216471359375 0.6214192703125 0.52587890625 0.6267903640625 0.5328776046875 0.6355794265625 0.5377604171875 0.64697265625 0.5403645828125 0.6552734375 0.54052734375 0.66552734375 0.5387369796875 0.6759440109375 0.5341796875 0.6886393234375 0.5247395828125 0.6936848953125 0.5177408859375
0 0.5611979171875 0.61572265625 0.5654296875 0.6085611984375 0.5667317703125 0.5997721359375 0.5611979171875 0.5919596359375 0.5572916671875 0.58935546875 0.5494791671875 0.57666015625 0.5397135421875 0.56494140625 0.5255533859375 0.556640625 0.5244140625 0.5577799484375 0.5250651046875 0.5691731765625 0.5237630203125 0.5812174484375 0.5205078125 0.59521484375 0.5169270828125 0.60400390625 0.50927734375 0.6129557296875 0.4982096359375 0.619140625 0.4949544265625 0.6197916671875 0.4931640625 0.62353515625 0.50146484375 0.6337890625 0.51025390625 0.6396484375 0.51806640625 0.6422526046875 0.5319010421875 0.6427408859375 0.5372721359375 0.6412760421875 0.5481770828125 0.6346028640625 0.5576171875 0.6183268234375 0.5611979171875 0.61572265625
0 0.4817708328125 0.6228841140625 0.4796549484375 0.6204427078125 0.4744466140625 0.6194661453125 0.4666341140625 0.6155598953125 0.4576822921875 0.6062825515625 0.4514973953125 0.5965169265625 0.4485677078125 0.57958984375 0.4464518234375 0.5771484375 0.4435221359375 0.5787760421875 0.4401041671875 0.5838216140625 0.43115234375 0.591796875 0.4153645828125 0.6013997390625 0.4140625 0.6160481765625 0.4163411453125 0.6271158859375 0.42431640625 0.63671875 0.43603515625 0.6438802078125 0.4431966140625 0.6458333328125 0.4479166671875 0.6456705734375 0.45751953125 0.6435546875 0.47021484375 0.6370442703125 0.4775390625 0.6306966140625 0.4817708328125 0.6228841140625
0 0.5211588546875 0.5926106765625 0.5237630203125 0.5808919265625 0.5244140625 0.56396484375 0.5211588546875 0.55224609375 0.5109049484375 0.5380859375 0.50244140625 0.5319010421875 0.4982096359375 0.5305989578125 0.4747721359375 0.5305989578125 0.4659830734375 0.5358072921875 0.4580078125 0.54638671875 0.4501953125 0.57080078125 0.44921875 0.58154296875 0.453125 0.5997721359375 0.4602864578125 0.6095377609375 0.4679361984375 0.6162109375 0.4744466140625 0.619140625 0.4830729171875 0.6202799484375 0.49755859375 0.6188151046875 0.51123046875 0.611328125 0.5169270828125 0.60400390625 0.5211588546875 0.5926106765625
0 0.4446614578125 0.57275390625 0.4443359375 0.5691731765625 0.4392903640625 0.5680338546875 0.4197591140625 0.5735677078125 0.4073893234375 0.5725911453125 0.3885091140625 0.56640625 0.3800455734375 0.55859375 0.37646484375 0.5569661453125 0.3736979171875 0.56103515625 0.3720703125 0.5691731765625 0.3723958328125 0.5773111984375 0.3759765625 0.58642578125 0.3811848953125 0.59423828125 0.3868815109375 0.5989583328125 0.3963216140625 0.6025390625 0.4055989578125 0.6027018234375 0.41455078125 0.6005859375 0.4278971359375 0.5940755203125 0.4381510421875 0.58447265625 0.4446614578125 0.57275390625
0 0.4537760421875 0.5555013015625 0.455078125 0.5499674484375 0.462890625 0.5372721359375 0.4638671875 0.5255533859375 0.4557291671875 0.5164388015625 0.4474283859375 0.4993489578125 0.4334309890625 0.4931640625 0.4236653640625 0.4915364578125 0.41357421875 0.4915364578125 0.40576171875 0.4931640625 0.3963216140625 0.4970703125 0.3841145828125 0.50537109375 0.3743489578125 0.5183919265625 0.3701171875 0.53857421875 0.3720703125 0.54638671875 0.3779296875 0.5564778640625 0.3859049484375 0.564453125 0.3914388015625 0.5680338546875 0.4012044265625 0.5712890625 0.4189453125 0.5734049484375 0.42822265625 0.5716145828125 0.4383138015625 0.5677083328125 0.4454752609375 0.5631510421875 0.4537760421875 0.5555013015625
0 0.5123697921875 0.5060221359375 0.5133463546875 0.4978841140625 0.5120442703125 0.49072265625 0.5052083328125 0.47900390625 0.5017903640625 0.4752604171875 0.4943033859375 0.4703776046875 0.4783528640625 0.46875 0.46728515625 0.470703125 0.4591471359375 0.4749348953125 0.451171875 0.4825846359375 0.4488932296875 0.4900716140625 0.4488932296875 0.50146484375 0.4524739578125 0.5115559890625 0.46337890625 0.5234375 0.47412109375 0.5289713546875 0.484375 0.5291341140625 0.4943033859375 0.5270182296875 0.5008138015625 0.5227864578125 0.5078125 0.5148111984375 0.5123697921875 0.5060221359375
0 0.6064453125 0.5216471359375 0.6123046875 0.50634765625 0.6116536453125 0.49462890625 0.6025390625 0.47900390625 0.5861002609375 0.4651692703125 0.5672200515625 0.4586588546875 0.5519205734375 0.458984375 0.5314127609375 0.4651692703125 0.51416015625 0.478515625 0.5107421875 0.48291015625 0.5104166671875 0.4864908859375 0.5133463546875 0.4933268234375 0.513671875 0.49951171875 0.509765625 0.5144856765625 0.51171875 0.5222981765625 0.5152994796875 0.5291341140625 0.5245768234375 0.5380859375 0.5314127609375 0.5419921875 0.54443359375 0.5455729171875 0.5553385421875 0.5460611984375 0.5760091140625 0.54296875 0.58447265625 0.5400390625 0.59619140625 0.533203125 0.6064453125 0.5216471359375
0 0.5416666671875 0.43994140625 0.54296875 0.4285481765625 0.5423177078125 0.4207356765625 0.5403645828125 0.4129231765625 0.53076171875 0.3984375 0.51904296875 0.3909505203125 0.51123046875 0.3876953125 0.5030924484375 0.3857421875 0.4933268234375 0.3857421875 0.4773763015625 0.3916015625 0.4674479171875 0.40283203125 0.4622395828125 0.4129231765625 0.4576822921875 0.4269205734375 0.4560546875 0.4344075515625 0.4560546875 0.4519856765625 0.4583333328125 0.4611002609375 0.46533203125 0.4694010421875 0.4903971359375 0.4690755203125 0.4972330734375 0.4716796875 0.5060221359375 0.4788411453125 0.5084635421875 0.4786783859375 0.5157877609375 0.4759114578125 0.52294921875 0.4697265625 0.5354817703125 0.4539388015625 0.5416666671875 0.43994140625
0 0.5374348953125 0.3826497390625 0.53173828125 0.3766276046875 0.5216471359375 0.3707682296875 0.5047200515625 0.369140625 0.49365234375 0.3720703125 0.48583984375 0.3763020828125 0.4781901046875 0.3829752609375 0.4736328125 0.3885091140625 0.4697265625 0.3963216140625 0.4708658859375 0.3977864578125 0.4822591140625 0.3889973953125 0.48974609375 0.38671875 0.4988606765625 0.3857421875 0.51025390625 0.3876953125 0.5216471359375 0.392578125 0.52978515625 0.3981119796875 0.5416666671875 0.4148763015625 0.5442708328125 0.40771484375 0.5445963546875 0.4015299484375 0.5413411453125 0.39013671875 0.5374348953125 0.3826497390625
0 0.4314778640625 0.3837890625 0.41650390625 0.3837890625 0.4070638015625 0.3889973953125 0.4000651046875 0.3972981765625 0.3968098953125 0.4041341140625 0.3972981765625 0.4075520828125 0.4138997390625 0.4075520828125 0.4265950515625 0.4114583328125 0.4337565109375 0.4153645828125 0.455078125 0.43310546875 0.4619140625 0.41162109375 0.4541015625 0.3986002609375 0.4425455734375 0.3876953125 0.4314778640625 0.3837890625
0 0.4547526046875 0.4708658859375 0.4576822921875 0.4630533859375 0.4554036453125 0.44873046875 0.4560546875 0.43896484375 0.4534505203125 0.43212890625 0.44775390625 0.42578125 0.43212890625 0.4140625 0.4226888015625 0.4095052078125 0.4142252609375 0.4072265625 0.4090169265625 0.40625 0.39990234375 0.4072265625 0.3826497390625 0.4156901046875 0.3707682296875 0.4265950515625 0.3658854171875 0.4353841140625 0.3645833328125 0.4523111984375 0.369140625 0.4698893234375 0.3728841140625 0.474609375 0.3806966140625 0.4739583328125 0.38232421875 0.4778645828125 0.4015299484375 0.48828125 0.4099934890625 0.4908854171875 0.42431640625 0.4908854171875 0.4339192703125 0.4923502609375 0.43994140625 0.4908854171875 0.4484049484375 0.4856770828125 0.4541015625 0.4777018234375 0.4547526046875 0.4708658859375
0 0.2001953125 0.6150716140625 0.20052083281250002 0.5997721359375 0.1949869796875 0.58740234375 0.1827799484375 0.5771484375 0.1707356765625 0.5725911453125 0.15283203125 0.5719401046875 0.1300455734375 0.5774739578125 0.11767578125 0.5856119796875 0.1083984375 0.59619140625 0.1067708328125 0.5997721359375 0.1064453125 0.60595703125 0.1077473953125 0.61181640625 0.1067708328125 0.6277669265625 0.1077473953125 0.6297200515625 0.1163736984375 0.6383463546875 0.12353515625 0.6432291671875 0.13623046875 0.6474609375 0.1533203125 0.6492513015625 0.17138671875 0.6458333328125 0.1814778640625 0.6393229171875 0.1884765625 0.6326497390625 0.2001953125 0.6150716140625
0 0.1419270828125 0.68408203125 0.1402994796875 0.6671549484375 0.1324869796875 0.64892578125 0.1095377609375 0.6354166671875 0.1066080734375 0.634765625 0.1018880203125 0.63720703125 0.09537760468749999 0.64794921875 0.08740234375 0.6565755203125 0.07796223906250001 0.662109375 0.05843098906250001 0.666015625 0.05501302031250001 0.67041015625 0.05598958281250001 0.68310546875 0.0595703125 0.6941731765625 0.0712890625 0.70947265625 0.08284505156250001 0.716796875 0.1028645828125 0.72119140625 0.11767578125 0.71875 0.13037109375 0.7112630203125 0.1383463546875 0.69873046875 0.1419270828125 0.68408203125
0 0.103515625 0.6316731765625 0.1067708328125 0.61962890625 0.1041666671875 0.6027018234375 0.1005859375 0.5958658859375 0.09749348906250001 0.5927734375 0.08772786406250001 0.5865885421875 0.06168619843749999 0.5813802078125 0.05419921875 0.5813802078125 0.0447591140625 0.5836588546875 0.03076171875 0.5901692703125 0.0193684890625 0.5989583328125 0.013020832812499999 0.6062825515625 0.007161457812499999 0.6183268234375 0.0055338546875 0.6261393234375 0.005859375 0.6310221359375 0.009114582812499999 0.6414388015625 0.014811198437500001 0.6510416671875 0.0222981765625 0.658203125 0.0310872390625 0.6637369796875 0.05533854218749999 0.6661783859375 0.07438151093749999 0.6627604171875 0.08642578125 0.6565755203125 0.09375 0.64892578125 0.103515625 0.6316731765625
0 0.1298828125 0.5538736984375 0.1315104171875 0.5489908859375 0.1321614578125 0.53466796875 0.1279296875 0.5135091140625 0.1243489578125 0.50732421875 0.11767578125 0.5006510421875 0.1105143234375 0.4964192703125 0.10205078125 0.4934895828125 0.08317057343749999 0.4918619796875 0.07080078125 0.4951171875 0.06298828125 0.4996744796875 0.05501302031250001 0.5069986984375 0.046875 0.5206705734375 0.0455729171875 0.5343424484375 0.0462239578125 0.54150390625 0.05110677031250001 0.5574544265625 0.05403645781250001 0.5633138015625 0.0595703125 0.56982421875 0.06591796875 0.5748697921875 0.07373046875 0.578125 0.0869140625 0.5799153640625 0.10302734375 0.5777994796875 0.1134440109375 0.572265625 0.1222330734375 0.5654296875 0.1298828125 0.5538736984375
0 0.1315104171875 0.46435546875 0.1315104171875 0.4471028640625 0.125 0.4308268234375 0.1144205734375 0.4195963546875 0.1033528640625 0.4137369796875 0.09521484375 0.4111328125 0.07470703125 0.4095052078125 0.06624348906250001 0.4117838546875 0.05843098906250001 0.4156901046875 0.048828125 0.4236653640625 0.0436197921875 0.43115234375 0.0390625 0.4415690109375 0.0380859375 0.4493815109375 0.05924479218749999 0.47509765625 0.0654296875 0.49560546875 0.06689453125 0.4964192703125 0.08024088593749999 0.4918619796875 0.09130859375 0.4915364578125 0.09847005156250001 0.4921875 0.1142578125 0.4972330734375 0.1178385421875 0.49462890625 0.1240234375 0.4855143234375 0.12890625 0.47509765625 0.1315104171875 0.46435546875
0 0.05598958281250001 0.5050455734375 0.0625 0.49951171875 0.06380208281250001 0.49462890625 0.0625 0.4825846359375 0.0546875 0.4685872390625 0.0392252609375 0.4521484375 0.0226236984375 0.4430338546875 0.006998698437500001 0.4401041671875 0.0001627609375 0.4404296875 0 0.52490234375 0.008626301562499999 0.5286458328125 0.0196940109375 0.53125 0.0325520828125 0.53173828125 0.0402018234375 0.5299479171875 0.0445963546875 0.5271809890625 0.0498046875 0.5135091140625 0.05598958281250001 0.5050455734375
0 0 0.6170247390625 0.0045572921875 0.6170247390625 0.0068359375 0.61572265625 0.0169270828125 0.6007486984375 0.02099609375 0.5970052078125 0.03955078125 0.5852864578125 0.05354817656250001 0.5807291671875 0.0556640625 0.5789388015625 0.05826822968749999 0.5730794265625 0.05794270781250001 0.56884765625 0.05143229218749999 0.55908203125 0.0458984375 0.54248046875 0.03564453125 0.5354817703125 0.015462239062499999 0.53125 0.0040690109375 0.5302734375 0 0.5310872390625 0 0.6170247390625