0 0.1865234375 0.0177408859375 0.1868489578125 0.00634765625 0.1847330734375 0 0.1272786453125 0.00048828125 0.1246744796875 0.01123046875 0.125 0.0177408859375 0.126953125 0.02880859375 0.1311848953125 0.0411783859375 0.13427734375 0.0455729171875 0.14013671875 0.0498046875 0.1472981765625 0.05305989531250001 0.1536458328125 0.05354817656250001 0.1691080734375 0.05045572968749999 0.1767578125 0.04248046875 0.1813151046875 0.0353190109375 0.1865234375 0.0177408859375
0 0.1282552078125 0.0353190109375 0.1246744796875 0.01806640625 0.125 0.0037434890625 0.1232096359375 0 0.07942708281250001 0.00048828125 0.07877604218749999 0.013834635937500001 0.08170572968749999 0.0245768234375 0.0908203125 0.03955078125 0.09554036406250001 0.0445963546875 0.0986328125 0.0457356765625 0.10986328125 0.0436197921875 0.12451171875 0.0436197921875 0.1282552078125 0.04052734375 0.1282552078125 0.0353190109375
0 0.1344401046875 0.07698567656250001 0.1373697921875 0.07080078125 0.1458333328125 0.05908203125 0.1442057296875 0.05550130156250001 0.1319986984375 0.0478515625 0.1219075515625 0.0439453125 0.1095377609375 0.0439453125 0.09521484375 0.0485026046875 0.08723958281250001 0.05582682343749999 0.083984375 0.06266276093749999 0.0830078125 0.07275390625 0.08658854218749999 0.08251953125 0.09163411406250001 0.08821614531250001 0.10009765625 0.09244791718749999 0.11572265625 0.09733072968749999 0.1240234375 0.09749348906250001 0.1297200515625 0.0966796875 0.1334635421875 0.09358723906250001 0.1331380203125 0.08349609375 0.1344401046875 0.07698567656250001
0 0.1263020828125 0.1329752609375 0.1263020828125 0.12548828125 0.1285807296875 0.1134440109375 0.1276041671875 0.1062825515625 0.1241861984375 0.1031901046875 0.1101888015625 0.0966796875 0.09423828125 0.09147135468749999 0.08740234375 0.09635416718749999 0.080078125 0.1056315109375 0.0751953125 0.1170247390625 0.07454427031250001 0.12841796875 0.076171875 0.13623046875 0.08138020781250001 0.14697265625 0.08707682343749999 0.1513671875 0.09830729218749999 0.15283203125 0.10302734375 0.15234375 0.11279296875 0.1474609375 0.1236979171875 0.1388346359375 0.1263020828125 0.1329752609375
0 0.20052083281250002 0.07535807343749999 0.1953125 0.06689453125 0.1837565109375 0.05826822968749999 0.16845703125 0.0546875 0.15673828125 0.05533854218749999 0.1472981765625 0.05989583281250001 0.1376953125 0.07112630156250001 0.1337890625 0.08219401093749999 0.1341145828125 0.09033203125 0.1360677078125 0.09814453125 0.1398111984375 0.1044921875 0.14990234375 0.1083984375 0.1593424484375 0.1106770828125 0.1725260421875 0.1111653640625 0.1883138015625 0.1070963546875 0.1962890625 0.09912109375 0.201171875 0.08642578125 0.20052083281250002 0.07535807343749999
0 0.3128255203125 0.10791015625 0.3128255203125 0.09879557343749999 0.3115234375 0.09423828125 0.3063151046875 0.08577473906250001 0.3019205734375 0.08072916718749999 0.28955078125 0.07291666718749999 0.2683919265625 0.0673828125 0.2511393234375 0.0673828125 0.24104817656250002 0.06998697968749999 0.23649088593749998 0.07259114531250001 0.23079427031250002 0.07893880156250001 0.22721354218749998 0.08610026093749999 0.23079427031250002 0.1013997390625 0.2353515625 0.10986328125 0.24755859375 0.1220703125 0.2589518234375 0.1279296875 0.2765299484375 0.1305338546875 0.2845052078125 0.13037109375 0.29052734375 0.1295572921875 0.3045247390625 0.1243489578125 0.3108723953125 0.11669921875 0.3128255203125 0.10791015625
0 0.22037760468749998 0.14404296875 0.22037760468749998 0.1375325515625 0.2177734375 0.13037109375 0.20979817656250002 0.1204427078125 0.20198567656250002 0.1168619796875 0.19482421875 0.1116536453125 0.18505859375 0.1100260421875 0.17724609375 0.111328125 0.1707356765625 0.115234375 0.1598307296875 0.12841796875 0.1510416671875 0.1453450515625 0.1484375 0.1560872390625 0.1481119796875 0.16357421875 0.1490885421875 0.17236328125 0.1544596359375 0.1783854171875 0.1710611984375 0.189453125 0.18359375 0.1915690109375 0.1964518234375 0.1868489578125 0.20703125 0.1769205734375 0.216796875 0.16064453125 0.22037760468749998 0.14404296875
0 0.1705729171875 0.11376953125 0.14599609375 0.1070963546875 0.1375325515625 0.1070963546875 0.1331380203125 0.11181640625 0.1302083328125 0.1189778640625 0.1279296875 0.13330078125 0.12890625 0.1495768234375 0.1350911453125 0.1622721359375 0.1453450515625 0.1715494796875 0.1484375 0.17138671875 0.1477864578125 0.15966796875 0.1510416671875 0.14404296875 0.158203125 0.1306966140625 0.1705729171875 0.11376953125
0 0.2565104171875 0.20882161406250002 0.2555338546875 0.1922200515625 0.2503255203125 0.17822265625 0.24772135468749998 0.17431640625 0.23942057343749998 0.1669921875 0.22639973906250002 0.1617838546875 0.21728515625 0.1630859375 0.21484375 0.16845703125 0.2119140625 0.1707356765625 0.20638020781250002 0.1795247390625 0.1907552078125 0.1935221359375 0.1858723953125 0.21891276093749998 0.1871744796875 0.23518880156250002 0.1920572921875 0.24560546875 0.20100911406250002 0.2545572921875 0.216796875 0.2605794265625 0.23128255156250002 0.2535807296875 0.2451171875 0.24007161406250002 0.2513020828125 0.23030598906250002 0.2565104171875 0.20882161406250002
0 0.37109375 0.1531575515625 0.3580729171875 0.1316731765625 0.3468424484375 0.1214192703125 0.3387044265625 0.1175130203125 0.33251953125 0.1162109375 0.32177734375 0.1165364578125 0.3113606765625 0.1201171875 0.30712890625 0.1233723953125 0.3014322921875 0.1300455734375 0.2962239578125 0.1446940109375 0.2958984375 0.1570638015625 0.3014322921875 0.1700846359375 0.30224609375 0.1708984375 0.31689453125 0.1627604171875 0.3230794265625 0.1611328125 0.3357747390625 0.1611328125 0.3455403640625 0.1634114578125 0.35205078125 0.1673177078125 0.3583984375 0.17333984375 0.3623046875 0.1785481765625 0.369140625 0.1931966140625 0.373046875 0.1883138015625 0.3746744796875 0.1814778640625 0.3733723953125 0.16162109375 0.37109375 0.1531575515625
0 0.3697916671875 0.20914713593749998 0.3697916671875 0.20328776093749998 0.3684895828125 0.1925455734375 0.3665364578125 0.1873372390625 0.3597005203125 0.1749674484375 0.3546549484375 0.1695963546875 0.3478190109375 0.1647135421875 0.34130859375 0.162109375 0.3243815109375 0.1611328125 0.3185221359375 0.1624348953125 0.302734375 0.1717122390625 0.2945963546875 0.1847330734375 0.2913411453125 0.20035807343749998 0.2958984375 0.21956380156250002 0.3037109375 0.23258463593749998 0.3146158859375 0.2412109375 0.3289388015625 0.24674479218749998 0.3313802078125 0.24658203125 0.3497721359375 0.24381510468749998 0.3583984375 0.23616536406250002 0.3655598953125 0.22477213593749998 0.3697916671875 0.20914713593749998
0 0.2906901046875 0.20100911406250002 0.27001953125 0.1790364578125 0.2589518234375 0.169921875 0.2571614578125 0.17236328125 0.2552083328125 0.18310546875 0.2587890625 0.20426432343749998 0.2662760421875 0.21533203125 0.27392578125 0.22265625 0.2849934890625 0.22884114531250002 0.29296875 0.22998046875 0.2980143234375 0.22916666718749998 0.2994791671875 0.22770182343749998 0.2945963546875 0.21598307343749998 0.2906901046875 0.20100911406250002
0 0.4524739578125 0.21012369843749998 0.4580078125 0.19189453125 0.4586588546875 0.1765950515625 0.455078125 0.1678059890625 0.45068359375 0.1624348953125 0.44384765625 0.1572265625 0.4324544265625 0.1529947921875 0.4187825515625 0.1536458328125 0.4109700515625 0.15625 0.39990234375 0.1627604171875 0.3860677078125 0.1788736984375 0.3818359375 0.18896484375 0.3802083328125 0.20133463593749998 0.380859375 0.21565755156250002 0.3857421875 0.22509765625 0.3917643234375 0.23046875 0.4041341140625 0.23372395781250002 0.416015625 0.23388671875 0.4230143234375 0.2333984375 0.4324544265625 0.23014322968749998 0.44580078125 0.21875 0.4524739578125 0.21012369843749998
0 0.4853515625 0.1993815109375 0.4807942703125 0.1912434890625 0.4744466140625 0.1842447921875 0.4640299484375 0.1787109375 0.4597981765625 0.1787109375 0.4586588546875 0.18798828125 0.4518229171875 0.21207682343749998 0.46533203125 0.2158203125 0.4786783859375 0.22233072968749998 0.4827473953125 0.22314453125 0.4850260421875 0.21923828125 0.4866536453125 0.21207682343749998 0.4866536453125 0.20328776093749998 0.4853515625 0.1993815109375
0 0.4967447921875 0.25537109375 0.4954427078125 0.23974609375 0.4908854171875 0.23258463593749998 0.4822591140625 0.22428385468749998 0.4689127609375 0.21712239531250002 0.4542643234375 0.212890625 0.45166015625 0.21354166718749998 0.43701171875 0.22786458281250002 0.4318033859375 0.23079427031250002 0.4200846359375 0.23404947968749998 0.4070638015625 0.234375 0.4046223953125 0.23551432343749998 0.4033203125 0.23942057343749998 0.4055989578125 0.2501627609375 0.41015625 0.2579752609375 0.4171549484375 0.2652994796875 0.42919921875 0.2731119796875 0.4405924484375 0.2776692703125 0.45166015625 0.28125 0.4632161453125 0.28173828125 0.4744466140625 0.2786458328125 0.4855143234375 0.2718098953125 0.490234375 0.26708984375 0.4967447921875 0.25537109375
0 0.4586588546875 0.2888997390625 0.45166015625 0.2822265625 0.4285481765625 0.2734375 0.4119466140625 0.26171875 0.40087890625 0.2613932296875 0.3974609375 0.2644856765625 0.396484375 0.26708984375 0.3958333328125 0.27490234375 0.3971354171875 0.27685546875 0.4339192703125 0.3194986984375 0.4552408859375 0.341796875 0.4593098953125 0.3429361984375 0.4661458328125 0.3331705734375 0.4690755203125 0.3175455734375 0.4661458328125 0.3035481765625 0.4586588546875 0.2888997390625
0 0.3766276046875 0.2762044265625 0.3753255203125 0.26513671875 0.3714192703125 0.25634765625 0.36376953125 0.2503255203125 0.35009765625 0.24479166718749998 0.3377278640625 0.24576822968749998 0.3263346359375 0.24967447968749998 0.3160807296875 0.2589518234375 0.3098958328125 0.2696940109375 0.3121744796875 0.28173828125 0.32373046875 0.2955729171875 0.3367513015625 0.3024088546875 0.3479817703125 0.3038736984375 0.3595377609375 0.3020833328125 0.36669921875 0.2972005203125 0.3746744796875 0.2859700515625 0.3766276046875 0.2762044265625
0 0.3411458328125 0.3126627609375 0.3411458328125 0.3058268234375 0.3390299484375 0.3030598953125 0.32763671875 0.2985026046875 0.3177083328125 0.28955078125 0.3133138015625 0.283203125 0.31005859375 0.2822265625 0.29541015625 0.2858072921875 0.2784830734375 0.2945963546875 0.2659505203125 0.30615234375 0.2620442703125 0.3116861984375 0.2604166671875 0.3175455734375 0.2607421875 0.3253580734375 0.2630208328125 0.33056640625 0.2716471359375 0.33984375 0.28271484375 0.3463541671875 0.2981770828125 0.3468424484375 0.3103841140625 0.3444010421875 0.32763671875 0.3343098953125 0.3365885421875 0.32373046875 0.3411458328125 0.3126627609375
0 0.4069010421875 0.3556315109375 0.40234375 0.3387044265625 0.3899739578125 0.3181966140625 0.37744140625 0.3063151046875 0.3680013015625 0.3024088546875 0.3611653640625 0.3024088546875 0.34912109375 0.3069661453125 0.3427734375 0.31396484375 0.3349609375 0.32861328125 0.33203125 0.3370768234375 0.3330078125 0.3556315109375 0.3365885421875 0.3683268234375 0.3427734375 0.3806966140625 0.35205078125 0.3912760421875 0.36083984375 0.396484375 0.3712565109375 0.3987630203125 0.3776041671875 0.3986002609375 0.3907877609375 0.39453125 0.3987630203125 0.3868815109375 0.40625 0.3722330734375 0.4069010421875 0.3556315109375
0 0.3359375 0.36767578125 0.3323567703125 0.3536783859375 0.3310546875 0.3387044265625 0.32958984375 0.3349609375 0.32568359375 0.3356119796875 0.3181966140625 0.3408203125 0.3055013015625 0.345703125 0.2980143234375 0.3470052078125 0.2840169265625 0.3466796875 0.2822265625 0.3478190109375 0.2845052078125 0.3614908859375 0.2919921875 0.3738606765625 0.298828125 0.3819986984375 0.3058268234375 0.3876953125 0.3094075515625 0.3889973953125 0.3151041671875 0.3888346359375 0.32177734375 0.38671875 0.3289388015625 0.3818359375 0.3356119796875 0.37060546875 0.3359375 0.36767578125
0 0.591796875 0.3885091140625 0.5973307296875 0.3722330734375 0.5973307296875 0.3527018234375 0.5914713546875 0.3416341140625 0.5877278640625 0.3372395828125 0.58154296875 0.3330078125 0.57275390625 0.3304036453125 0.5655924484375 0.3304036453125 0.5447591140625 0.3365885421875 0.53857421875 0.3401692703125 0.5299479171875 0.34814453125 0.5227864578125 0.36083984375 0.5192057296875 0.37548828125 0.5192057296875 0.3868815109375 0.5208333328125 0.3953450515625 0.52734375 0.4099934890625 0.5372721359375 0.4208984375 0.5416666671875 0.4217122390625 0.5587565109375 0.4176432296875 0.5724283859375 0.4104817703125 0.5813802078125 0.4031575515625 0.591796875 0.3885091140625
0 0.5159505203125 0.43603515625 0.51953125 0.42626953125 0.5201822921875 0.4161783859375 0.5192057296875 0.41064453125 0.5120442703125 0.3956705734375 0.49951171875 0.3850911453125 0.4890950515625 0.3821614578125 0.47314453125 0.3802083328125 0.4588216140625 0.380859375 0.44775390625 0.3860677078125 0.4423828125 0.39111328125 0.4371744796875 0.3986002609375 0.4329427078125 0.4158528640625 0.4348958328125 0.4265950515625 0.44140625 0.4366861984375 0.45263671875 0.447265625 0.4588216140625 0.451171875 0.46728515625 0.4547526046875 0.4830729171875 0.45654296875 0.48974609375 0.4560546875 0.5001627609375 0.4527994796875 0.5120442703125 0.44189453125 0.5159505203125 0.43603515625
0 0.4694010421875 0.4982096359375 0.4736328125 0.4881184890625 0.4752604171875 0.4812825515625 0.4749348953125 0.4734700515625 0.46875 0.4581705734375 0.46533203125 0.4547526046875 0.4558919265625 0.4501953125 0.4471028640625 0.4436848953125 0.4347330734375 0.4440104171875 0.4210611984375 0.4462890625 0.4073893234375 0.4527994796875 0.39892578125 0.4593098953125 0.3893229171875 0.4695638015625 0.3844401046875 0.47802734375 0.3818359375 0.48583984375 0.3811848953125 0.50146484375 0.3841145828125 0.5105794265625 0.390625 0.52099609375 0.40478515625 0.5299479171875 0.4109700515625 0.5319010421875 0.421875 0.5323893234375 0.4383138015625 0.5283203125 0.4493815109375 0.5218098953125 0.4641927078125 0.50634765625 0.4694010421875 0.4982096359375
0 0.5540364578125 0.5372721359375 0.546875 0.5206705734375 0.5397135421875 0.5096028640625 0.5183919265625 0.4915364578125 0.51318359375 0.48828125 0.5076497390625 0.4873046875 0.4943033859375 0.49609375 0.4895833328125 0.5008138015625 0.48046875 0.5157877609375 0.4765625 0.5320638015625 0.4765625 0.5499674484375 0.4811197921875 0.5675455734375 0.486328125 0.57666015625 0.49365234375 0.5846354171875 0.50634765625 0.5921223953125 0.5206705734375 0.5963541671875 0.5244140625 0.59619140625 0.5372721359375 0.5872395828125 0.5475260421875 0.5743815109375 0.5520833328125 0.5607096359375 0.5540364578125 0.5372721359375
0 0.6070963546875 0.4803059890625 0.6083984375 0.4724934890625 0.607421875 0.4611002609375 0.6044921875 0.4532877609375 0.6002604171875 0.4461263015625 0.5857747390625 0.4313151046875 0.5743815109375 0.4251302078125 0.5652669265625 0.4225260421875 0.5506184890625 0.421875 0.5362955734375 0.4254557296875 0.5242513015625 0.4329427078125 0.5169270828125 0.44287109375 0.5143229171875 0.4562174484375 0.5172526046875 0.4708658859375 0.5237630203125 0.48095703125 0.5402018234375 0.4957682296875 0.55517578125 0.5026041671875 0.5732421875 0.5047200515625 0.5880533859375 0.5009765625 0.59814453125 0.4931640625 0.6044921875 0.48583984375 0.6070963546875 0.4803059890625
0 0.2900390625 0.42431640625 0.2913411453125 0.41943359375 0.2900390625 0.4093424484375 0.2867838546875 0.4025065109375 0.2810872390625 0.3990885421875 0.2703450515625 0.3984375 0.25927734375 0.4013671875 0.2548828125 0.4054361984375 0.24772135468749998 0.4191080734375 0.24576822968749998 0.4314778640625 0.248046875 0.4357096359375 0.2530924484375 0.4404296875 0.2586263015625 0.443359375 0.2669270828125 0.4441731765625 0.2781575515625 0.4407552078125 0.2823893234375 0.4381510421875 0.2867838546875 0.4324544265625 0.2900390625 0.42431640625
0 0.23079427031250002 0.4152018234375 0.23209635468749998 0.4099934890625 0.23079427031250002 0.4021809890625 0.22705078125 0.3984375 0.21956380156250002 0.39453125 0.20751953125 0.3948567703125 0.1935221359375 0.3984375 0.1842447921875 0.40478515625 0.1780598953125 0.4161783859375 0.1774088546875 0.42431640625 0.18212890625 0.4306640625 0.1912434890625 0.4339192703125 0.20442708281250002 0.43505859375 0.20947265625 0.4339192703125 0.22119140625 0.427734375 0.22493489531250002 0.4246419265625 0.23079427031250002 0.4152018234375
0 0.35546875 0.5450846359375 0.3548177078125 0.53759765625 0.3528645828125 0.5333658859375 0.3484700515625 0.5286458328125 0.33740234375 0.5227864578125 0.3308919265625 0.5211588546875 0.3221028640625 0.5211588546875 0.3058268234375 0.5244140625 0.2989908859375 0.5283203125 0.2939453125 0.5330403640625 0.2923177078125 0.53759765625 0.2923177078125 0.5428059890625 0.294921875 0.5489908859375 0.3006184890625 0.5559895828125 0.3136393234375 0.5621744796875 0.31884765625 0.5625 0.3250325515625 0.5647786453125 0.3304036453125 0.5646158859375 0.34228515625 0.5615234375 0.3494466140625 0.5559895828125 0.3528645828125 0.5515950515625 0.35546875 0.5450846359375
0 0.2799479171875 0.56396484375 0.2799479171875 0.5564778640625 0.275390625 0.54248046875 0.2716471359375 0.5387369796875 0.2648111984375 0.5354817703125 0.24723307343749998 0.53515625 0.23128255156250002 0.5403645828125 0.22135416718749998 0.54931640625 0.21549479218749998 0.5613606765625 0.21451822968749998 0.5743815109375 0.21744791718749998 0.5828450515625 0.22574869843749998 0.5885416671875 0.23876953125 0.5940755203125 0.24772135468749998 0.59423828125 0.2579752609375 0.5908203125 0.26708984375 0.5846354171875 0.2737630203125 0.5773111984375 0.2799479171875 0.56396484375
0 0.21451822968749998 0.5808919265625 0.21451822968749998 0.5646158859375 0.22005208281250002 0.54931640625 0.21695963593749998 0.544921875 0.21142578125 0.5413411453125 0.20426432343749998 0.5397135421875 0.1974283859375 0.5400390625 0.1798502609375 0.544921875 0.17138671875 0.5498046875 0.1656901046875 0.5558268234375 0.1624348953125 0.5613606765625 0.1569010421875 0.5760091140625 0.1569010421875 0.5812174484375 0.1595052078125 0.5887044265625 0.1648763015625 0.5944010421875 0.1687825515625 0.5966796875 0.1765950515625 0.5992838546875 0.1861979171875 0.59912109375 0.1944986984375 0.5970052078125 0.20524088593749998 0.5904947921875 0.2109375 0.5857747390625 0.21451822968749998 0.5808919265625
0 0.2470703125 0.62451171875 0.24641927031250002 0.60302734375 0.24300130156250002 0.5960286453125 0.21923828125 0.5869140625 0.20751953125 0.5934244796875 0.20345052031250002 0.5987955734375 0.1975911453125 0.6124674484375 0.197265625 0.62353515625 0.2001953125 0.6316731765625 0.20751953125 0.640625 0.21598307343749998 0.6422526046875 0.21956380156250002 0.6442057296875 0.22786458281250002 0.64404296875 0.23258463593749998 0.6432291671875 0.23844401093749998 0.6396484375 0.24576822968749998 0.63037109375 0.2470703125 0.62451171875
0 0.23551432343749998 0.6761067703125 0.24186197968749998 0.67333984375 0.2412109375 0.66357421875 0.23421223906250002 0.6546223953125 0.22054036406250002 0.6458333328125 0.20556640625 0.6416015625 0.19482421875 0.6419270828125 0.1886393234375 0.6435546875 0.1774088546875 0.6512044265625 0.1705729171875 0.6632486984375 0.1695963546875 0.6671549484375 0.1712239578125 0.6788736984375 0.1774088546875 0.6883138015625 0.1863606765625 0.6959635421875 0.19677734375 0.7005208328125 0.2099609375 0.7019856765625 0.21223958281250002 0.70166015625 0.21647135468749998 0.6935221359375 0.22412109375 0.6839192703125 0.23551432343749998 0.6761067703125
0 0.3466796875 0.6756184890625 0.3404947921875 0.66162109375 0.3312174484375 0.6520182296875 0.3214518234375 0.6477864578125 0.3084309890625 0.6471354171875 0.2941080734375 0.6513671875 0.2867838546875 0.6570638015625 0.2828776046875 0.6629231765625 0.2799479171875 0.6720377609375 0.2802734375 0.67919921875 0.28857421875 0.6901041671875 0.30224609375 0.69921875 0.3136393234375 0.7027994796875 0.322265625 0.7029622390625 0.3289388015625 0.7021484375 0.33740234375 0.6985677078125 0.3460286453125 0.6863606765625 0.3466796875 0.6756184890625
0 0.3102213546875 0.7286783859375 0.3079427078125 0.7127278640625 0.2994791671875 0.69873046875 0.2859700515625 0.689453125 0.2794596359375 0.6881510421875 0.2752278640625 0.6904296875 0.2692057296875 0.6974283859375 0.2529296875 0.7247721359375 0.25390625 0.7335611984375 0.2591145828125 0.7452799484375 0.27099609375 0.7561848953125 0.2742513015625 0.7578125 0.2786458328125 0.7576497390625 0.29052734375 0.7548828125 0.2999674484375 0.7486979171875 0.3056640625 0.7420247390625 0.3102213546875 0.7286783859375
0 0.2662760421875 0.7019856765625 0.2672526046875 0.6922200515625 0.2659505203125 0.6837565109375 0.26025390625 0.6767578125 0.2550455734375 0.6741536453125 0.24332682343749998 0.6735026046875 0.23160807343749998 0.6787109375 0.220703125 0.6873372390625 0.2138671875 0.6990559890625 0.21256510468749998 0.71240234375 0.21647135468749998 0.7218424484375 0.22477213593749998 0.7288411453125 0.23697916718749998 0.7306315109375 0.24332682343749998 0.7294921875 0.24918619843749998 0.7259114578125 0.2591145828125 0.7146809890625 0.2662760421875 0.7019856765625
0 0.24446614531250002 0.7423502609375 0.24332682343749998 0.73046875 0.23551432343749998 0.7311197921875 0.22444661406250002 0.7288411453125 0.21207682343749998 0.7161458328125 0.20817057343749998 0.7180989578125 0.1930338546875 0.7335611984375 0.1878255203125 0.7439778640625 0.185546875 0.7550455734375 0.1861979171875 0.76806640625 0.1897786453125 0.7771809890625 0.1954752609375 0.7825520828125 0.19970703125 0.7845052078125 0.20833333281250002 0.78466796875 0.21988932343749998 0.78125 0.23014322968749998 0.7722981765625 0.236328125 0.7638346359375 0.24446614531250002 0.7423502609375
0 0.21028645781250002 0.9510091140625001 0.21858723906250002 0.9427083328125001 0.2275390625 0.9373372390625001 0.2255859375 0.93310546875 0.22542317656250002 0.9254557296874999 0.21891276093749998 0.9222005203125001 0.21175130156250002 0.9215494796874999 0.19677734375 0.9261067703125001 0.1863606765625 0.9309895828125001 0.1769205734375 0.9375 0.1627604171875 0.95263671875 0.1569010421875 0.9679361984374999 0.15625 0.9763997390625001 0.1575520828125 0.9803059890625001 0.1604817703125 0.9845377609374999 0.1661783859375 0.9892578125 0.17333984375 0.9912109375 0.181640625 0.9913736984374999 0.1863606765625 0.9908854171874999 0.1884765625 0.9890950515625001 0.20442708281250002 0.9581705734374999 0.21028645781250002 0.9510091140625001
0 0.25390625 0.9568684890625001 0.24527994843749998 0.9466145828125001 0.23518880156250002 0.9391276046874999 0.22737630156250002 0.9378255203125001 0.21533203125 0.9459635421874999 0.20572916718749998 0.95751953125 0.1910807296875 0.9842122390625001 0.189453125 0.9913736984374999 0.189453125 0.9991861984374999 0.25 0.9998372390625001 0.25390625 0.9910481765625001 0.2555338546875 0.9825846359374999 0.255859375 0.9656575515625001 0.25390625 0.9568684890625001
0 0.3162434890625 0.9397786453125001 0.3087565109375 0.9361979171874999 0.3025716140625 0.9368489578125001 0.2976888015625 0.9391276046874999 0.29052734375 0.9449869796874999 0.2859700515625 0.9466145828125001 0.2805989578125 0.95166015625 0.2747395828125 0.96337890625 0.2731119796875 0.9705403640625001 0.2724609375 0.99169921875 0.2736002609375 1 0.3421223953125 0.9998372390625001 0.3430989578125 0.9767252609374999 0.3401692703125 0.9669596359374999 0.3333333328125 0.95458984375 0.3162434890625 0.9397786453125001
0 0.3831380203125 0.9571940109374999 0.3831380203125 0.9454752609374999 0.3805338546875 0.9366861984374999 0.3766276046875 0.9305013015625001 0.36865234375 0.9228515625 0.3448893234375 0.9098307296874999 0.33740234375 0.9078776046874999 0.3279622390625 0.9078776046874999 0.3214518234375 0.91015625 0.3111979171875 0.9178059890625001 0.3076171875 0.92529296875 0.3082682296875 0.9344075515625001 0.3230794265625 0.9443359375 0.3323567703125 0.9532877609374999 0.337890625 0.9607747390625001 0.3427734375 0.97216796875 0.3455403640625 0.9755859375 0.35302734375 0.978515625 0.3616536453125 0.97900390625 0.3680013015625 0.9772135421874999 0.3738606765625 0.9733072921874999 0.3811848953125 0.9637044265625001 0.3831380203125 0.9571940109374999
0 0.6608072921875 0.48681640625 0.6604817703125 0.4744466140625 0.6565755203125 0.46337890625 0.6526692703125 0.4571940109375 0.64697265625 0.4514973953125 0.6306966140625 0.4417317703125 0.6111653640625 0.4361979171875 0.59716796875 0.4345703125 0.5896809890625 0.4352213546875 0.5992838546875 0.4451497390625 0.6070963546875 0.4591471359375 0.6083984375 0.4744466140625 0.6067708328125 0.4816080734375 0.6028645828125 0.4884440109375 0.587890625 0.5021158859375 0.5919596359375 0.5068359375 0.60791015625 0.5143229171875 0.6189778640625 0.517578125 0.6276041671875 0.5174153640625 0.6355794265625 0.5159505203125 0.6476236984375 0.5107421875 0.6559244796875 0.5027669265625 0.6608072921875 0.48681640625
0 0.7561848953125 0.63330078125 0.759765625 0.61669921875 0.7594401046875 0.60498046875 0.7571614578125 0.5939127609375 0.751953125 0.5828450515625 0.74169921875 0.5725911453125 0.72119140625 0.5608723953125 0.71240234375 0.55859375 0.7019856765625 0.5592447921875 0.68896484375 0.5651041671875 0.6796875 0.5760091140625 0.673828125 0.59326171875 0.6735026046875 0.6036783859375 0.6751302078125 0.6121419265625 0.6796875 0.6238606765625 0.6922200515625 0.6419270828125 0.71337890625 0.6546223953125 0.7228190109375 0.6569010421875 0.7317708328125 0.6570638015625 0.73486328125 0.65625 0.7449544265625 0.6494140625 0.7509765625 0.6427408859375 0.7561848953125 0.63330078125
0 0.8414713546874999 0.6844075515625 0.8460286453125001 0.6678059890625 0.8450520828125001 0.65185546875 0.8395182296874999 0.64404296875 0.8230794265625001 0.6302083328125 0.8162434890625001 0.6263020828125 0.8064778640625001 0.623046875 0.7853190109375 0.623046875 0.77099609375 0.6276041671875 0.7596028640625 0.6337890625 0.7366536453125 0.6573893234375 0.7337239578125 0.6642252609375 0.7330729171875 0.6749674484375 0.7340494796875 0.67822265625 0.7389322921875 0.6886393234375 0.7415364578125 0.6902669265625 0.7428385421875 0.69482421875 0.7511393234375 0.703125 0.76708984375 0.7086588546875 0.77685546875 0.7106119796875 0.7926432296875 0.7107747390625 0.8048502609374999 0.7093098953125 0.81689453125 0.7057291671875 0.8318684890625001 0.6966145828125 0.8414713546874999 0.6844075515625
0 0.8238932296874999 0.7478841140625 0.8232421875 0.73876953125 0.8199869796874999 0.7277018234375 0.80859375 0.7120768234375 0.80419921875 0.7099609375 0.7833658859375 0.7115885421875 0.75634765625 0.70703125 0.7545572921875 0.7097981765625 0.7685546875 0.7283528640625 0.7776692703125 0.74951171875 0.7796223953125 0.7579752609375 0.7799479171875 0.7687174484375 0.77734375 0.77685546875 0.7794596359375 0.779296875 0.7913411453125 0.7804361984375 0.80419921875 0.7786458328125 0.8170572921874999 0.7687174484375 0.8219401046874999 0.7579752609375 0.8238932296874999 0.7478841140625
0 0.7786458328125 0.75732421875 0.7757161453125 0.7452799484375 0.767578125 0.72705078125 0.7511393234375 0.7060546875 0.7413736984375 0.6988932296875 0.7355143234375 0.6962890625 0.7224934890625 0.6936848953125 0.7166341140625 0.6946614578125 0.7081705734375 0.6982421875 0.7041015625 0.7019856765625 0.6975911453125 0.7140299484375 0.6940104171875 0.7254231765625 0.6923828125 0.7335611984375 0.6927083328125 0.7403971359375 0.6966145828125 0.76416015625 0.7041015625 0.7801106765625 0.7169596359375 0.7926432296875 0.7263997390625 0.7994791671875 0.7355143234375 0.8020833328125001 0.7464192703125 0.8028971359374999 0.7609049484375 0.8001302078125001 0.7698567703125 0.79248046875 0.7786458328125 0.7726236984375 0.7786458328125 0.75732421875
0 0.7021484375 0.6619466140625 0.7008463546875 0.6554361984375 0.6969401046875 0.6476236984375 0.68994140625 0.6409505203125 0.67822265625 0.6357421875 0.66552734375 0.6328125 0.6512044265625 0.6357421875 0.63623046875 0.6451822921875 0.6318359375 0.6505533859375 0.6276041671875 0.6593424484375 0.6272786453125 0.6678059890625 0.6295572921875 0.6863606765625 0.6326497390625 0.6923828125 0.6414388015625 0.6949869796875 0.6554361984375 0.6962890625 0.6661783859375 0.7001953125 0.6708984375 0.7000325515625 0.68701171875 0.6936848953125 0.6940104171875 0.6883138015625 0.701171875 0.6720377609375 0.7021484375 0.6619466140625
0 0.6722005203125 0.7713216140625 0.6770833328125 0.76416015625 0.6813151046875 0.75439453125 0.6839192703125 0.7374674484375 0.6787109375 0.71630859375 0.6746419265625 0.7102864578125 0.6707356765625 0.7099609375 0.6681315109375 0.7076822921875 0.66259765625 0.7060546875 0.65576171875 0.7099609375 0.65087890625 0.7106119796875 0.6433919265625 0.7080078125 0.6355794265625 0.703125 0.6251627609375 0.7054036453125 0.6111653640625 0.7112630203125 0.5979817703125 0.72216796875 0.591796875 0.7371419265625 0.58984375 0.7459309890625 0.5895182296875 0.7537434890625 0.5927734375 0.7674153640625 0.6007486984375 0.7776692703125 0.6105143234375 0.7845052078125 0.6173502609375 0.787109375 0.6279296875 0.78857421875 0.6486002609375 0.7854817703125 0.65966796875 0.7815755203125 0.66552734375 0.7779947921875 0.6722005203125 0.7713216140625
0 0.61865234375 0.7884114578125 0.6111653640625 0.7858072921875 0.60009765625 0.7779947921875 0.595703125 0.7732747390625 0.591796875 0.76513671875 0.5895182296875 0.7488606765625 0.5914713546875 0.7381184890625 0.5966796875 0.7257486984375 0.5968424484375 0.7216796875 0.58837890625 0.7229817703125 0.5773111984375 0.7268880203125 0.56396484375 0.7337239578125 0.55712890625 0.7395833328125 0.5472005203125 0.7530924484375 0.5419921875 0.7726236984375 0.5423177078125 0.78759765625 0.544921875 0.79443359375 0.5480143234375 0.7978515625 0.5584309890625 0.8043619796874999 0.5694986984375 0.8082682296874999 0.5763346359375 0.8098958328125001 0.5869140625 0.8097330734374999 0.5948893234375 0.8079427078125001 0.6033528640625 0.8040364578125001 0.6194661453125 0.79248046875 0.61865234375 0.7884114578125
0 0.6223958328125 0.51806640625 0.60498046875 0.513671875 0.5958658859375 0.5091145828125 0.5867513015625 0.5026041671875 0.572265625 0.5060221359375 0.5735677078125 0.5105794265625 0.58837890625 0.5302734375 0.6048177078125 0.5314127609375 0.6124674484375 0.5296223953125 0.6180013015625 0.5266927078125 0.6220703125 0.5216471359375 0.6223958328125 0.51806640625
0 1 0.9718424484374999 0.9939778640625001 0.970703125 0.97802734375 0.97265625 0.9611002609374999 0.978515625 0.9539388015625001 0.9833984375 0.9404296875 0.9962565109374999 0.9384765625 0.9998372390625001 1 0.9998372390625001 1 0.9718424484374999
0 0.2532552078125 0.45849609375 0.2542317703125 0.4503580734375 0.2526041671875 0.4451497390625 0.24967447968749998 0.43896484375 0.244140625 0.4318033859375 0.24072265625 0.4296875 0.22802734375 0.4283854171875 0.21761067656250002 0.4309895828125 0.21044921875 0.435546875 0.2060546875 0.44091796875 0.2041015625 0.4581705734375 0.205078125 0.4705403640625 0.21272786406250002 0.4772135421875 0.21598307343749998 0.4788411453125 0.2216796875 0.47900390625 0.23225911406250002 0.4772135421875 0.23909505156250002 0.474609375 0.2490234375 0.4646809890625 0.2532552078125 0.45849609375
0 0.21809895781250002 0.3728841140625 0.21175130156250002 0.3658854171875 0.1944986984375 0.3567708328125 0.18408203125 0.35546875 0.17626953125 0.3570963546875 0.1707356765625 0.3606770828125 0.1663411453125 0.3683268234375 0.1669921875 0.3761393234375 0.1695963546875 0.3810221359375 0.1814778640625 0.3916015625 0.1892903640625 0.39453125 0.1979166671875 0.3953450515625 0.21468098906250002 0.392578125 0.21940104218749998 0.3898111984375 0.22037760468749998 0.37939453125 0.21809895781250002 0.3728841140625