2 0.705913978125 0.9771505375 0.7107526875 0.9524193546875 0.70537634375 0.9255376343749999 0.693010753125 0.9088709671874999 0.6787634406249999 0.9 0.6561827953125 0.8973118281250001 0.6443548390625 0.9 0.63360215 0.9064516125000001 0.6177419359375 0.92392473125 0.60967741875 0.9416666671874999 0.611290321875 0.9599462359375 0.610215053125 0.9846774187499999 0.61962365625 1 0.6650537640625 0.9997311828125 0.676612903125 0.9940860218750001 0.6948924734374999 0.991935484375 0.69892473125 0.9895161296874999 0.705913978125 0.9771505375
2 0.609139784375 0.9422043015625 0.5962365593750001 0.91747311875 0.5793010749999999 0.901612903125 0.5540322578125 0.890860215625 0.530913978125 0.891935484375 0.514784946875 0.901612903125 0.50752688125 0.9094086015625 0.5016129031250001 0.9201612906250001 0.49892473125 0.9314516125000001 0.49892473125 0.9438172046875 0.502688171875 0.9615591390624999 0.5193548390625 0.9862903218750001 0.5352150531250001 1 0.598387096875 0.9997311828125 0.604301075 0.9943548390625001 0.60967741875 0.985215053125 0.6107526875 0.9572580640625 0.609139784375 0.9422043015625
2 0.609139784375 0.9422043015625 0.5962365593750001 0.91747311875 0.5793010749999999 0.901612903125 0.5540322578125 0.890860215625 0.530913978125 0.891935484375 0.514784946875 0.901612903125 0.50752688125 0.9094086015625 0.5016129031250001 0.9201612906250001 0.49892473125 0.9314516125000001 0.49892473125 0.9438172046875 0.502688171875 0.9615591390624999 0.5193548390625 0.9862903218750001 0.5352150531250001 1 0.598387096875 0.9997311828125 0.604301075 0.9943548390625001 0.60967741875 0.985215053125 0.6107526875 0.9572580640625 0.609139784375 0.9422043015625
2 0.64032258125 0.8981182796875 0.6357526874999999 0.89462365625 0.62607526875 0.890860215625 0.6099462359375 0.8903225812500001 0.5959677421875 0.895161290625 0.587634409375 0.9029569890625 0.5870967734375 0.9072580640625001 0.59677419375 0.91747311875 0.6086021500000001 0.9384408609375001 0.612365590625 0.9357526875 0.6220430109375 0.91747311875 0.639784946875 0.9018817203125 0.64032258125 0.8981182796875
2 0.770698925 0.9322580640625 0.7731182796875 0.9303763437500001 0.7741935484375 0.9217741937499999 0.7639784953125 0.8986559140624999 0.7443548390625 0.8768817203125 0.7223118281249999 0.8682795703125 0.7002688171875 0.8672043015625001 0.6857526875 0.8731182796875 0.6720430109375 0.88682795625 0.6688172046874999 0.8948924734375 0.671236559375 0.8978494625 0.6862903218749999 0.90322580625 0.699462365625 0.915860215625 0.706989246875 0.9287634406249999 0.710215053125 0.9448924734374999 0.7145161296875 0.9502688171875 0.727688171875 0.9392473125 0.7416666671875001 0.9327956984375 0.7481182796875 0.9311827953125 0.770698925 0.9322580640625
2 0.649462365625 0.8728494625 0.658064515625 0.8583333328125 0.6596774187500001 0.8384408609375 0.65752688125 0.8282258062500001 0.647311828125 0.8099462359375 0.635215053125 0.80107526875 0.6158602156249999 0.7967741937499999 0.5911290328125001 0.8016129031249999 0.575 0.811290321875 0.5634408609375 0.822311828125 0.5532258062500001 0.8405913984375 0.550537634375 0.8491935484375001 0.550537634375 0.8604838703125001 0.558064515625 0.876612903125 0.5642473125 0.8833333328125 0.574462365625 0.889784946875 0.59677419375 0.8932795703125 0.6094086015625 0.889784946875 0.627688171875 0.889784946875 0.637365590625 0.8854838703125001 0.649462365625 0.8728494625
2 0.75967741875 0.787365590625 0.754838709375 0.77607526875 0.7384408609374999 0.756989246875 0.724462365625 0.750537634375 0.7099462359375 0.749462365625 0.687365590625 0.761290321875 0.6801075265625001 0.771236559375 0.6763440859375 0.787365590625 0.6758064515625 0.8045698921875 0.6801075265625001 0.815860215625 0.6857526875 0.8220430109375 0.6965053765625 0.8236559140624999 0.7061827953125001 0.8279569890625 0.7212365593750001 0.8413978500000001 0.7290322578125 0.8411290328125001 0.7432795703124999 0.8354838703125 0.7564516125 0.8217741937499999 0.7607526874999999 0.8061827953125 0.75967741875 0.787365590625
2 0.7204301078124999 0.525537634375 0.7209677421875 0.5115591390625001 0.7145161296875 0.4948924734375 0.6911290328125 0.4801075265625 0.679838709375 0.4811827953125 0.66317204375 0.48924731250000003 0.6478494625 0.5099462359375 0.647311828125 0.5416666671875 0.65107526875 0.5551075265625001 0.6588709671874999 0.5629032265625 0.6747311828125 0.56639785 0.6895161296875 0.562365590625 0.7029569890625 0.5526881718750001 0.7145161296875 0.5384408609375 0.7204301078124999 0.525537634375
2 0.64677419375 0.5405913984375 0.64677419375 0.5104838703125 0.6422043015625001 0.506989246875 0.624462365625 0.504838709375 0.6040322578125 0.5064516125 0.593010753125 0.5142473125 0.5860215046875 0.525537634375 0.5854838703125 0.5540322578125 0.5903225812499999 0.5647849468749999 0.6008064515625 0.5741935484375 0.61317204375 0.5790322578125 0.6247311828125001 0.5793010749999999 0.63682795625 0.5768817203125 0.650537634375 0.5637096781250001 0.65107526875 0.5583333328125 0.64677419375 0.5405913984375
2 0.7870967734375001 0.9486559140624999 0.775537634375 0.9354838703125001 0.765860215625 0.9322580640625 0.7448924734375 0.9322580640625 0.728763440625 0.9392473125 0.71182795625 0.9567204296874999 0.702688171875 0.985215053125 0.7032258062500001 0.9911290328125 0.7212365593750001 1 0.7720430109375 0.9997311828125 0.7822580640625 0.9911290328125 0.789784946875 0.9760752687500001 0.79139785 0.9610215046875 0.7870967734375001 0.9486559140624999
4 0.6854838703125 0.4620967734375 0.6795698921875 0.4534946234375 0.6642473125 0.43978494687499997 0.6513440859374999 0.43709677343750003 0.6400537640625 0.43870967812500006 0.631989246875 0.44354838750000003 0.6252688171874999 0.45188172031249996 0.6220430109375 0.46317204375000004 0.6225806453125 0.47607526875 0.6263440859375 0.48682795624999997 0.6395161296875 0.5 0.6478494625 0.5013440859375 0.66532258125 0.48655913906250003 0.6857526875 0.4784946234375 0.6881720437500001 0.475 0.6854838703125 0.4620967734375
4 0.7188172046875 0.8438172046875 0.7104838703125 0.8322580640625 0.6986559140625 0.8252688171875 0.6868279562499999 0.8231182796875001 0.67392473125 0.8247311828124999 0.6612903218749999 0.8357526875 0.6612903218749999 0.8534946234375 0.669086021875 0.8639784953125 0.68037634375 0.8698924734375 0.6881720437500001 0.8706989249999999 0.6991935484375 0.8666666671875 0.7147849468749999 0.8650537640625 0.7188172046875 0.8567204296875 0.7188172046875 0.8438172046875
3 0.7333333328125 0.618010753125 0.7295698921875 0.6013440859375 0.7223118281249999 0.5892473125000001 0.7061827953125001 0.5827956984375 0.6943548390625 0.5838709671875 0.68467741875 0.5822580640624999 0.6774193546875 0.5873655906249999 0.6655913984375 0.6034946234375 0.65860215 0.63037634375 0.6669354843749999 0.651612903125 0.681989246875 0.662365590625 0.695161290625 0.663709678125 0.7099462359375 0.65860215 0.7241935484375001 0.6465053765625 0.7317204296875001 0.63252688125 0.7333333328125 0.618010753125
1 0.7817204296875 0.5685483875 0.7774193546875 0.5518817203124999 0.769086021875 0.54139785 0.7534946234375 0.5349462359375 0.73682795625 0.5333333328125 0.727688171875 0.5354838703125 0.7161290328125001 0.5454301078125 0.710215053125 0.5534946234375 0.70537634375 0.580913978125 0.7252688171874999 0.5911290328125001 0.7338709671875 0.61747311875 0.7392473125000001 0.6190860218750001 0.7577956984374999 0.6134408609374999 0.7672043015625001 0.6034946234375 0.7763440859374999 0.5895161296875 0.7817204296875 0.5685483875
1 0.66182795625 0.6551075265625 0.662365590625 0.6470430109375 0.65752688125 0.6309139781249999 0.6529569890625 0.6252688171874999 0.63467741875 0.6172043015625001 0.6077956984374999 0.6188172046875 0.5959677421875 0.6241935484375001 0.5795698921875 0.6400537640625 0.5790322578125 0.6497311828125001 0.5897849468749999 0.664784946875 0.6077956984374999 0.6790322578125 0.6161290328125 0.68037634375 0.6266129031250001 0.6790322578125 0.6470430109375 0.6720430109375 0.658064515625 0.6626344093750001 0.66182795625 0.6551075265625
1 0.7892473125 0.6685483875 0.79247311875 0.6615591390625 0.7935483875 0.6518817203125 0.793010753125 0.6432795703124999 0.7892473125 0.63360215 0.779838709375 0.6252688171874999 0.763709678125 0.6188172046875 0.7475806453125 0.6193548390625 0.7349462359375 0.624462365625 0.7311827953125001 0.6384408609375 0.7166666671875 0.6599462359375 0.7145161296875 0.6706989250000001 0.7161290328125001 0.6771505375 0.733064515625 0.6897849468749999 0.7427419359375 0.694086021875 0.75752688125 0.6938172046875 0.768010753125 0.6897849468749999 0.7758064515624999 0.68252688125 0.7779569890625 0.6776881718750001 0.7892473125 0.6685483875
1 0.79247311875 0.5088709671875 0.7846774187500001 0.500537634375 0.7620967734375 0.4935483875 0.7502688171874999 0.495698925 0.7379032265625 0.50107526875 0.7311827953125001 0.5077956984374999 0.7268817203125 0.515860215625 0.7252688171874999 0.5228494625 0.7263440859375 0.53252688125 0.7513440859375 0.5344086015625 0.7685483875 0.540860215625 0.7752688171875 0.5470430109375 0.7801075265625 0.5615591390625 0.7849462359375 0.56747311875 0.7956989250000001 0.5594086015624999 0.80107526875 0.5389784953125 0.8 0.52607526875 0.79247311875 0.5088709671875
1 0.640860215625 0.7567204296875001 0.6317204296875001 0.7357526875 0.620161290625 0.7268817203125 0.6088709671875 0.7220430109375 0.5895161296875 0.7215053765625 0.5685483875 0.7274193546875 0.5545698921875 0.7360215046875 0.5451612906250001 0.7454301078125 0.5392473125 0.7561827953125 0.5376344093750001 0.770161290625 0.543010753125 0.7846774187500001 0.5518817203124999 0.7935483875 0.5594086015624999 0.7978494625 0.5844086015625 0.8029569890625 0.620161290625 0.794086021875 0.6317204296875001 0.78360215 0.64032258125 0.7663978499999999 0.640860215625 0.7567204296875001
1 0.94892473125 0.48790322656249996 0.945698925 0.47822580625000005 0.9368279562499999 0.4693548390625 0.922311828125 0.4634408609375 0.9099462359375 0.4655913984375 0.8956989249999999 0.47822580625000005 0.8870967734375 0.4916666671875 0.8844086015625001 0.5029569890625 0.8838709671875 0.5196236562500001 0.889784946875 0.5384408609375 0.8943548390625 0.5456989250000001 0.9107526874999999 0.5502688171875 0.9258064515625 0.5448924734375 0.941935484375 0.523387096875 0.9483870968750001 0.5061827953125 0.94892473125 0.48790322656249996
2 0.9876344093749999 0.6610215046875 0.9838709671875 0.6513440859374999 0.9744623656250001 0.6392473125 0.9529569890625 0.6295698921875 0.934139784375 0.6290322578125 0.921236559375 0.638709678125 0.90967741875 0.6508064515624999 0.9075268812499999 0.6620967734375001 0.9086021499999999 0.67607526875 0.9172043015625 0.6900537640625 0.9287634406249999 0.701612903125 0.9422043015625 0.70752688125 0.95537634375 0.7072580640624999 0.9674731187500001 0.7043010749999999 0.9833333328125 0.6911290328125 0.98817204375 0.675 0.9876344093749999 0.6610215046875
2 0.9725806453124999 0.7454301078125 0.9736559140625 0.72822580625 0.9720430109375 0.7137096781250001 0.9685483874999999 0.7064516125 0.9642473125000001 0.70537634375 0.9443548390625001 0.70860215 0.933064515625 0.7064516125 0.922311828125 0.7 0.919086021875 0.7 0.9134408609375001 0.7029569890625 0.9075268812499999 0.7120967734375 0.9037634406249999 0.723387096875 0.905913978125 0.7491935484375001 0.919086021875 0.7634408609375 0.927688171875 0.7672043015625001 0.9338709671875 0.766935484375 0.9572580640625 0.7629032265625 0.963709678125 0.75860215 0.9698924734375 0.7508064515624999 0.9725806453124999 0.7454301078125
4 0.6639784953125 0.679838709375 0.6588709671874999 0.6752688171875 0.6448924734375 0.6736559140625 0.6190860218750001 0.6833333328125 0.6129032265625 0.6884408609375 0.603763440625 0.7034946234375 0.601612903125 0.7099462359375 0.6021505375 0.7185483875 0.6338709671875 0.7336021500000001 0.6513440859374999 0.7263440859375 0.65752688125 0.719086021875 0.6666666671875 0.6905913984375001 0.6639784953125 0.679838709375