4 0.5451612906250001 0.18252688125 0.544086021875 0.15403225781250002 0.54032258125 0.13844086093750002 0.5317204296875 0.12069892499999998 0.5231182796875 0.10940860156250001 0.5045698921875 0.0935483875 0.4895161296875 0.0860215046875 0.475 0.0822580640625 0.4583333328125 0.0822580640625 0.43521505312500003 0.0860215046875 0.4072580640625 0.098387096875 0.393010753125 0.1104838703125 0.3827956984375 0.12392473125 0.3747311828125 0.1422043015625 0.3709677421875 0.1572580640625 0.3698924734375 0.17392473125000002 0.3747311828125 0.2061827953125 0.3892473125 0.24059139843750002 0.3927419359375 0.24354838750000002 0.42822580625000006 0.2392473125 0.4583333328125 0.24247311875 0.47338709687499997 0.24677419375 0.502688171875 0.2610215046875 0.512365590625 0.2551075265625 0.5322580640625 0.228763440625 0.5435483875 0.1997311828125 0.5451612906250001 0.18252688125
4 0.25967741875 0.475 0.2720430109375 0.4454301078125 0.287634409375 0.42069892500000006 0.287634409375 0.41478494687499995 0.27822580625 0.408064515625 0.24758064531250001 0.39892473125 0.21962365625000002 0.37956989218750004 0.21209677343750002 0.3774193546875 0.19381720468750002 0.38817204375 0.16827957031250002 0.412634409375 0.156989246875 0.4395161296875 0.153763440625 0.4529569890625 0.15322580624999999 0.46962365625 0.1564516125 0.481989246875 0.1629032265625 0.49274193593750004 0.1959677421875 0.5268817203125 0.20456989218750002 0.5327956984375 0.2284946234375 0.53360215 0.2438172046875 0.5311827953125 0.2564516125 0.5228494625 0.255913978125 0.4981182796875 0.25967741875 0.475
2 0.23010752656250003 0.0002688171875 0.24435483906250002 0.015053764062499999 0.26317204375 0.026881720312500003 0.2970430109375 0.03817204375 0.3172043015625 0.0384408609375 0.32983870937500004 0.0365591390625 0.3365591390625 0.031989246875 0.31962365625 0 0.23010752656250003 0.0002688171875
2 0.43575268749999996 0.0172043015625 0.4529569890625 0.011290321875 0.459139784375 0.0002688171875 0.3209677421875 0.0002688171875 0.3274193546875 0.01639785 0.3427419359375 0.0360215046875 0.3604838703125 0.047311828125 0.37392473125 0.05107526875 0.3865591390625 0.05134408593749999 0.3911290328125 0.05 0.40188172031249997 0.038709678125 0.418010753125 0.026881720312500003 0.43575268749999996 0.0172043015625
2 0.606989246875 0.013709678125 0.6086021500000001 0.0002688171875 0.4650537640625 0.0002688171875 0.47580645156249995 0.018010753125 0.51532258125 0.052688171875 0.52822580625 0.05967741875 0.546236559375 0.0604838703125 0.569086021875 0.054301075 0.5857526875 0.044086021875 0.602688171875 0.023387096875 0.606989246875 0.013709678125
2 0.7274193546875 0.0443548390625 0.73817204375 0.023387096875 0.739784946875 0.013172043750000001 0.7384408609374999 0 0.609139784375 0.0008064515624999999 0.6053763437499999 0.019086021875 0.5935483875 0.040053764062500004 0.621236559375 0.055913978125 0.6395161296875 0.06935483906249999 0.6518817203125 0.0715053765625 0.6720430109375 0.071236559375 0.6895161296875 0.0688172046875 0.7013440859375 0.0645161296875 0.7142473125000001 0.056451612500000005 0.7274193546875 0.0443548390625
2 0.474462365625 0.0817204296875 0.4900537640625 0.0860215046875 0.5018817203125 0.09139785 0.52177419375 0.10483870937499999 0.5279569890625 0.0965053765625 0.5268817203125 0.06962365625 0.5236559140625 0.06102150468749999 0.519086021875 0.055913978125 0.5024193546875 0.0435483875 0.47123655937500003 0.015053764062499999 0.46102150468750003 0.0129032265625 0.4459677421875 0.0139784953125 0.41317204375000005 0.0306451609375 0.4045698921875 0.0370967734375 0.39032258125 0.0534946234375 0.3817204296875 0.075 0.3801075265625 0.0879032265625 0.3822580640625 0.10833333281249999 0.388709678125 0.112634409375 0.4120967734375 0.09462365625 0.43467741875000004 0.0860215046875 0.45940860156249996 0.0817204296875 0.474462365625 0.0817204296875
2 0.63817204375 0.07177419375 0.618010753125 0.054838709375 0.6029569890625 0.046236559375 0.5905913984375 0.04247311875 0.5615591390625 0.05860215 0.5274193546875 0.062634409375 0.529838709375 0.100537634375 0.53360215 0.10107526874999999 0.5513440859375 0.095698925 0.565860215625 0.09516129062499999 0.5911290328125001 0.1021505375 0.627688171875 0.1177419359375 0.6392473125 0.1271505375 0.65537634375 0.1459677421875 0.658064515625 0.13844086093750002 0.65860215 0.118010753125 0.651612903125 0.0932795703125 0.63817204375 0.07177419375
2 0.6604838703125 0.20967741874999998 0.6639784953125 0.1959677421875 0.6634408609375 0.17392473125000002 0.65752688125 0.15403225781250002 0.6478494625 0.1379032265625 0.6266129031250001 0.1177419359375 0.6072580640624999 0.10860215 0.5728494625 0.09677419375 0.5518817203124999 0.096236559375 0.526612903125 0.10430107500000001 0.5247311828125001 0.1099462359375 0.53817204375 0.13145161249999998 0.54462365625 0.1545698921875 0.5451612906250001 0.19381720468750002 0.5392473125 0.21532258125 0.5392473125 0.21962365625000002 0.5419354843749999 0.22016129062499998 0.5620967734375 0.20913978437499997 0.5959677421875 0.19892473125000001 0.62607526875 0.199462365625 0.6604838703125 0.20967741874999998
2 0.7043010749999999 0.3556451609375 0.7107526875 0.34489247343749996 0.7188172046875 0.321236559375 0.7204301078124999 0.3008064515625 0.7188172046875 0.28091397812499996 0.7161290328125001 0.270698925 0.702688171875 0.24758064531250001 0.66639785 0.2150537640625 0.6486559140625 0.2064516125 0.6309139781249999 0.20107526875 0.5981182796875 0.199462365625 0.5728494625 0.20591397812499998 0.5427419359375001 0.2204301078125 0.5188172046874999 0.2491935484375 0.5129032265625 0.25887096718749997 0.5107526874999999 0.268010753125 0.5220430109375 0.28682795625 0.5301075265625 0.3061827953125 0.5354838703125 0.33360215000000004 0.5354838703125 0.35403225781250003 0.5513440859375 0.36612903281250003 0.5959677421875 0.3865591390625 0.6279569890625 0.3889784953125 0.6518817203125 0.3865591390625 0.676612903125 0.3790322578125 0.6954301078125 0.3655913984375 0.7043010749999999 0.3556451609375
2 0.6172043015625001 0.4900537640625 0.6209677421875 0.47069892500000005 0.6204301078125 0.4588709671875 0.6134408609374999 0.4228494625 0.604838709375 0.4045698921875 0.595161290625 0.39220430156249997 0.586290321875 0.38387096718749997 0.5400537640625 0.36182795625 0.533064515625 0.3607526875 0.5301075265625 0.3642473125 0.5295698921875001 0.3728494625 0.5258064515624999 0.38252688125 0.5196236562500001 0.39032258125 0.49327957031249997 0.4134408609375 0.45779569843749995 0.4274193546875 0.4564516125 0.43360215 0.4639784953125 0.4556451609375 0.4704301078125 0.4900537640625 0.4827956984375 0.5077956984374999 0.5002688171874999 0.5231182796875 0.516935484375 0.5327956984375 0.5400537640625 0.5392473125 0.5543010749999999 0.5395161296875 0.569086021875 0.5365591390625 0.581989246875 0.5311827953125 0.600537634375 0.515860215625 0.6172043015625001 0.4900537640625
2 0.44516129062500004 0.570161290625 0.46182795624999995 0.53682795625 0.4693548390625 0.5018817203125 0.4688172046875 0.483064515625 0.4607526875 0.45026881718749995 0.4508064515625 0.4301075265625 0.420161290625 0.42634408593749995 0.3948924734375 0.4193548390625 0.3728494625 0.40537634375 0.35403225781250003 0.3865591390625 0.3475806453125 0.3854838703125 0.33252688125 0.389784946875 0.315860215625 0.39784946250000003 0.2997311828125 0.41021505312500006 0.28064516093749997 0.431989246875 0.26881720468750003 0.4529569890625 0.2607526875 0.47392473125 0.2564516125 0.4981182796875 0.2564516125 0.514784946875 0.260215053125 0.531989246875 0.26881720468750003 0.5534946234375 0.28010752656250004 0.56962365625 0.29059139843750004 0.5795698921875 0.3056451609375 0.5897849468749999 0.337365590625 0.604301075 0.3594086015625 0.60967741875 0.3768817203125 0.6094086015625 0.3991935484375 0.604838709375 0.41478494687499995 0.5973118281249999 0.42983870937499996 0.5865591390625 0.44516129062500004 0.570161290625
2 0.212365590625 0.3728494625 0.20161290312500002 0.330913978125 0.202688171875 0.3094086015625 0.2064516125 0.2927419359375 0.2145161296875 0.27661290312500003 0.2290322578125 0.25887096718749997 0.2295698921875 0.2551075265625 0.2072580640625 0.246236559375 0.173387096875 0.244086021875 0.1599462359375 0.24677419375 0.1411290328125 0.254838709375 0.12768817187499998 0.2645161296875 0.112365590625 0.281989246875 0.101612903125 0.2991935484375 0.09677419375 0.31209677343750003 0.096236559375 0.3475806453125 0.09946236562500001 0.35779569843750003 0.10860215 0.37392473125 0.13467741875 0.39784946250000003 0.1534946234375 0.40752688125000003 0.1666666671875 0.4099462359375 0.17177419375 0.40752688125000003 0.19220430156249999 0.38817204375 0.2094086015625 0.3774193546875 0.212365590625 0.3728494625
2 0.3693548390625 0.173387096875 0.37204301093750003 0.1497311828125 0.3860215046875 0.11639785 0.385215053125 0.1139784953125 0.378763440625 0.11182795625 0.35241935468749996 0.10967741875 0.33682795625 0.11344086093750001 0.3142473125 0.1241935484375 0.2895161296875 0.1392473125 0.27392473125 0.15215053750000002 0.255913978125 0.177688171875 0.2521505375 0.1911290328125 0.2521505375 0.20080645156250002 0.255913978125 0.22392473124999998 0.26317204375 0.24032258125 0.2959677421875 0.23763440937500002 0.319086021875 0.24139784999999997 0.3405913984375 0.25107526875 0.361290321875 0.26747311875 0.381989246875 0.251612903125 0.38763440937500004 0.2438172046875 0.3747311828125 0.20887096718749998 0.3693548390625 0.173387096875
2 0.34892473125 0.37607526875 0.345161290625 0.36962365625000004 0.340860215625 0.3534946234375 0.34139785 0.32069892499999997 0.345161290625 0.3029569890625 0.35860215 0.270161290625 0.3438172046875 0.254838709375 0.32177419375 0.243010753125 0.29865591406249997 0.2392473125 0.26263440937500004 0.24193548437499998 0.235215053125 0.255913978125 0.2177419359375 0.27284946250000003 0.20591397812499998 0.2959677421875 0.20161290312500002 0.318010753125 0.20215053749999998 0.33360215000000004 0.20591397812499998 0.3491935484375 0.21559139843750003 0.3728494625 0.23306451562500002 0.388709678125 0.2497311828125 0.39838709687499996 0.265860215625 0.40376344062499997 0.2857526875 0.40752688125000003 0.296236559375 0.4072580640625 0.3013440859375 0.4064516125 0.315860215625 0.396236559375 0.34892473125 0.380913978125 0.34892473125 0.37607526875
2 0.5220430109375 0.383064515625 0.5327956984375 0.3534946234375 0.5338709671874999 0.3438172046875 0.5274193546875 0.3029569890625 0.51182795625 0.27338709687499996 0.4948924734375 0.25913978437499996 0.475 0.248387096875 0.45672042968750004 0.243010753125 0.43360215 0.24032258125 0.4034946234375 0.24247311875 0.3916666671875 0.24731182812500002 0.376612903125 0.256989246875 0.3639784953125 0.270161290625 0.35322580625 0.287365590625 0.3435483875 0.31693548437499997 0.341935484375 0.329301075 0.343010753125 0.35994623593749997 0.35161290312500004 0.379838709375 0.358064515625 0.38844086093749997 0.375537634375 0.40591397812499996 0.386290321875 0.4129032265625 0.4024193546875 0.4209677421875 0.41962365625000003 0.4252688171875 0.451612903125 0.426612903125 0.47231182812499994 0.4215053765625 0.49112903281250003 0.412365590625 0.5024193546875 0.40376344062499997 0.5220430109375 0.383064515625
2 0.38037634374999996 0.11021505312499999 0.3801075265625 0.081989246875 0.3865591390625 0.055107526562499995 0.3620967734375 0.04892473125 0.3389784953125 0.0360215046875 0.29865591406249997 0.040860215625 0.2795698921875 0.0685483875 0.2747311828125 0.0895161296875 0.2758064515625 0.1072580640625 0.28010752656250004 0.125 0.2860215046875 0.13467741875 0.29086021562500003 0.137365590625 0.323387096875 0.11881720468750001 0.3416666671875 0.11129032187500001 0.35403225781250003 0.109139784375 0.38037634374999996 0.11021505312499999