0 0.6833333328125 0.9325268812499999 0.6822580640625 0.912634409375 0.6725806453125001 0.8911290328125 0.6634408609375 0.879838709375 0.6502688171875 0.8682795703125 0.6341397843750001 0.8607526875 0.6110215046875 0.85860215 0.6002688171874999 0.8596774187499999 0.568010753125 0.8758064515624999 0.55107526875 0.8932795703125 0.549462365625 0.8981182796875 0.5537634406249999 0.929301075 0.5478494625 0.9615591390624999 0.55537634375 0.978763440625 0.5728494625 0.995161290625 0.58682795625 1 0.6252688171874999 0.9997311828125 0.637365590625 0.9946236562499999 0.6650537640625 0.970161290625 0.6811827953125 0.9411290328125 0.6833333328125 0.9325268812499999
0 0.32177419375 0.601612903125 0.33010752656250003 0.5884408609375 0.33010752656250003 0.58467741875 0.3166666671875 0.5556451609375 0.2970430109375 0.5419354843749999 0.2642473125 0.5290322578125 0.2459677421875 0.5311827953125 0.21586021562500002 0.5456989250000001 0.20913978437499997 0.5529569890625 0.20591397812499998 0.5599462359375 0.20322580625 0.57392473125 0.204838709375 0.5922043015625 0.20967741874999998 0.6018817203125 0.21747311875 0.60967741875 0.234139784375 0.6215053765625 0.23978494687500002 0.6228494625 0.26263440937500004 0.603763440625 0.278763440625 0.59677419375 0.29435483906250004 0.59462365625 0.32177419375 0.601612903125
0 0.349462365625 0.3438172046875 0.345698925 0.336290321875 0.3311827953125 0.31854838750000003 0.32231182812500003 0.31182795625000004 0.3099462359375 0.306989246875 0.28629032187500003 0.30967741875 0.265860215625 0.3225806453125 0.258064515625 0.331989246875 0.25322580625 0.34865591406249996 0.254838709375 0.364784946875 0.2645161296875 0.383064515625 0.28037634375 0.395698925 0.2970430109375 0.40161290312500003 0.3145161296875 0.4029569890625 0.33467741875 0.397311828125 0.34677419375 0.38252688125 0.352688171875 0.3642473125 0.349462365625 0.3438172046875
0 0.3768817203125 0.466935484375 0.38387096718749997 0.4513440859375 0.38333333281250004 0.43575268749999996 0.37580645156250003 0.41962365625000003 0.364784946875 0.40967741875 0.3432795703125 0.40161290312500003 0.331989246875 0.4021505375 0.313709678125 0.41182795624999996 0.3018817203125 0.4150537640625 0.294086021875 0.42231182812499996 0.287634409375 0.43575268749999996 0.287634409375 0.4556451609375 0.29516129062499996 0.47177419374999996 0.301612903125 0.47822580625000005 0.30887096718749996 0.49032258124999994 0.3220430109375 0.49704301093750003 0.32607526875000004 0.49623655937500005 0.3459677421875 0.4827956984375 0.3685483875 0.4779569890625 0.3768817203125 0.466935484375
0 0.5790322578125 0.8594086015625001 0.5704301078125 0.8465053765624999 0.5561827953125 0.8365591390624999 0.5357526874999999 0.8306451609375 0.520161290625 0.8295698921874999 0.5083333328124999 0.8333333328125001 0.5064516125 0.8357526875 0.540860215625 0.87177419375 0.55 0.8916666671875 0.5529569890625 0.890860215625 0.5642473125 0.8779569890625 0.5806451609375001 0.86639785 0.5790322578125 0.8594086015625001
1 0.30967741875 0.72177419375 0.309139784375 0.7185483875 0.27715053749999996 0.710215053125 0.2610215046875 0.7021505375 0.24193548437499998 0.68037634375 0.23091397812499997 0.6602150531250001 0.214784946875 0.6607526874999999 0.1965053765625 0.6666666671875 0.181989246875 0.6763440859375 0.1704301078125 0.6879032265625 0.1645161296875 0.6975806453125 0.160215053125 0.7153225812499999 0.160215053125 0.7271505375 0.1666666671875 0.7497311828125001 0.1731182796875 0.7599462359375 0.19220430156249999 0.7752688171875 0.21532258125 0.7838709671874999 0.2478494625 0.7852150531250001 0.275537634375 0.7806451609375 0.29462365625000003 0.771236559375 0.29892473124999996 0.7481182796875 0.30967741875 0.72177419375
1 0.379838709375 0.9844086015625001 0.350537634375 0.9997311828125 0.455913978125 0.9997311828125 0.43629032187499994 0.9822580640625 0.42177419374999997 0.9784946234375 0.40188172031249997 0.9790322578125 0.379838709375 0.9844086015625001
1 0.4034946234375 0.9607526875 0.4088709671875 0.962365590625 0.41532258125 0.9682795703125 0.4209677421875 0.965860215625 0.40913978437500004 0.9368279562499999 0.404838709375 0.9110215046875 0.4064516125 0.8895161296874999 0.4013440859375 0.8849462359375 0.38467741875 0.8827956984374999 0.3728494625 0.8849462359375 0.3556451609375 0.891935484375 0.340860215625 0.9034946234375001 0.3338709671875 0.914784946875 0.3279569890625 0.9384408609375001 0.33064516093749996 0.969086021875 0.337634409375 0.98682795625 0.3438172046875 0.9946236562499999 0.35 0.9975806453124999 0.36747311875 0.98817204375 0.39005376406250003 0.9811827953125001 0.38817204375 0.970698925 0.4034946234375 0.9607526875
3 0.3258064515625 0.827688171875 0.3139784953125 0.8163978500000001 0.30322580625 0.8013440859375001 0.29435483906250004 0.7774193546875 0.2567204296875 0.7854838703125 0.225 0.7870967734375001 0.2166666671875 0.7970430109375 0.204301075 0.8233870968750001 0.20322580625 0.83682795625 0.204838709375 0.8475806453124999 0.2139784953125 0.86317204375 0.22338709687499997 0.8725806453124999 0.23629032187500001 0.8806451609374999 0.25913978437499996 0.885215053125 0.28037634375 0.8817204296875 0.3051075265625 0.8677419359374999 0.3258064515625 0.8314516125000001 0.3258064515625 0.827688171875
3 0.341935484375 0.86317204375 0.345698925 0.8518817203125 0.35322580625 0.8395161296874999 0.3502688171875 0.8354838703125 0.33413978437499997 0.8306451609375 0.32983870937500004 0.8306451609375 0.3177419359375 0.8459677421875 0.30806451562500003 0.866935484375 0.304838709375 0.8825268812499999 0.305913978125 0.9024193546875001 0.31290322656249997 0.925 0.3188172046875 0.9336021499999999 0.32688172031249996 0.9389784953125 0.3317204296875 0.919086021875 0.339784946875 0.9024193546875001 0.33870967812499997 0.879838709375 0.341935484375 0.86317204375
3 0.67392473125 0.9741935484375001 0.6642473125 0.9741935484375001 0.6594086015625 0.9763440859375001 0.6317204296875001 0.9997311828125 0.7295698921875 0.9997311828125 0.7212365593750001 0.9924731187500001 0.7056451609375001 0.9838709671875 0.6895161296875 0.9774193546875001 0.67392473125 0.9741935484375001
3 0.423387096875 0.55967741875 0.42580645156249997 0.5577956984375 0.4236559140625 0.525 0.4150537640625 0.5104838703125 0.4056451609375 0.500537634375 0.385215053125 0.487634409375 0.36317204375 0.4827956984375 0.3438172046875 0.4860215046875 0.3252688171875 0.5013440859375 0.3166666671875 0.522311828125 0.3155913984375 0.5470430109375 0.3279569890625 0.5782258062500001 0.33440860156249996 0.5830645156250001 0.36317204375 0.5639784953125 0.379301075 0.556989246875 0.4056451609375 0.55537634375 0.423387096875 0.55967741875
3 0.29462365625000003 0.4110215046875 0.2884408609375 0.40268817187500006 0.2629032265625 0.3814516125 0.255913978125 0.369086021875 0.252688171875 0.35241935468749996 0.2497311828125 0.34784946250000004 0.225 0.341935484375 0.2072580640625 0.34247311874999997 0.1916666671875 0.34677419375 0.17177419375 0.359139784375 0.15860215 0.375537634375 0.154838709375 0.3954301078125 0.16182795625 0.42069892500000006 0.1795698921875 0.44274193593750005 0.1932795703125 0.45430107499999994 0.2034946234375 0.458064515625 0.238709678125 0.4615591390625 0.2577956984375 0.458064515625 0.26747311875 0.447311828125 0.281989246875 0.44354838750000003 0.29462365625000003 0.4110215046875
3 0.46182795624999995 0.43252688125 0.46129032187499996 0.4045698921875 0.45376344062499996 0.38467741875 0.4405913984375 0.3677419359375 0.420161290625 0.358064515625 0.3970430109375 0.35860215 0.38252688125 0.36612903281250003 0.3731182796875 0.375 0.36666666718749996 0.3879032265625 0.3655913984375 0.40510752656250004 0.36666666718749996 0.4088709671875 0.3774193546875 0.420161290625 0.3811827953125 0.42822580625000006 0.38763440937500004 0.4529569890625 0.3991935484375 0.46129032187499996 0.41827957031249996 0.4685483875 0.43037634375 0.46666666718750005 0.4389784953125 0.4629032265625 0.45322580625000003 0.45188172031249996 0.46182795624999995 0.43252688125
3 0.5666666671875 0.43521505312500003 0.5639784953125 0.4099462359375 0.5537634406249999 0.3916666671875 0.529301075 0.3768817203125 0.5040322578125 0.37204301093750003 0.4814516125 0.37580645156250003 0.462634409375 0.38763440937500004 0.459139784375 0.3927419359375 0.459139784375 0.3970430109375 0.4634408609375 0.415860215625 0.4629032265625 0.42715053750000004 0.455913978125 0.4513440859375 0.4599462359375 0.45430107499999994 0.47123655937500003 0.45537634374999997 0.48467741875000003 0.4607526875 0.4959677421875 0.45860215000000004 0.51532258125 0.459139784375 0.5349462359375 0.46478494687499994 0.5400537640625 0.4634408609375 0.5540322578125 0.45322580625000003 0.5618279562499999 0.4448924734375 0.5666666671875 0.43521505312500003
3 0.47822580625000005 0.459139784375 0.4685483875 0.455913978125 0.4513440859375 0.4564516125 0.43252688125 0.46666666718750005 0.41962365625000003 0.4704301078125 0.4129032265625 0.47607526875 0.40322580625000004 0.4895161296875 0.40161290312500003 0.4948924734375 0.42473118281250005 0.522311828125 0.44139785 0.4895161296875 0.46424731250000006 0.46989247343749996 0.4814516125 0.4634408609375 0.47822580625000005 0.459139784375
3 0.554838709375 0.5508064515625 0.556989246875 0.520161290625 0.5521505375 0.4948924734375 0.5362903218749999 0.4715053765625 0.5163978499999999 0.4607526875 0.49327957031249997 0.46021505312500005 0.46586021562499996 0.4688172046875 0.45940860156249996 0.47311827968750003 0.44354838750000003 0.48736559062499996 0.43709677343750003 0.4959677421875 0.42580645156249997 0.524462365625 0.4252688171875 0.5384408609375 0.4279569890625 0.5615591390625 0.45107526875000004 0.5830645156250001 0.4655913984375 0.6158602156249999 0.475 0.6215053765625 0.4870967734375 0.62177419375 0.5099462359375 0.6155913984375 0.5333333328125 0.5954301078124999 0.544086021875 0.58037634375 0.554838709375 0.5508064515625
3 0.64247311875 0.6228494625 0.6446236562500001 0.6094086015625 0.644086021875 0.5938172046875 0.6360215046875 0.5723118281249999 0.62177419375 0.5564516125 0.6008064515625 0.5467741937499999 0.5873655906249999 0.5467741937499999 0.5728494625 0.55107526875 0.5534946234375 0.5618279562499999 0.540860215625 0.58682795625 0.5322580640625 0.5975806453125 0.5155913984375 0.6120967734375 0.5129032265625 0.6185483875 0.512365590625 0.63252688125 0.5150537640625 0.6518817203125 0.5268817203125 0.673387096875 0.5314516125 0.6779569890625 0.5405913984375 0.6822580640625 0.5655913984375001 0.68360215 0.5932795703125 0.6774193546875 0.6158602156249999 0.6645161296875 0.6349462359375 0.6422043015625001 0.64247311875 0.6228494625
3 0.6752688171875 0.7965053765625 0.6892473125 0.7610215046875 0.6892473125 0.7422043015625001 0.6865591390625 0.729301075 0.6790322578125 0.7142473125000001 0.6669354843749999 0.700537634375 0.6416666671875 0.6854838703125 0.620161290625 0.6795698921875 0.6008064515625 0.6779569890625 0.56747311875 0.6860215046875 0.5604838703125 0.6897849468749999 0.5532258062500001 0.6986559140625 0.5537634406249999 0.7024193546874999 0.5612903218749999 0.7094086015625 0.5688172046875 0.7223118281249999 0.5758064515625 0.7470430109375 0.5758064515625 0.7594086015625 0.5725806453125 0.775 0.5618279562499999 0.7965053765625 0.5618279562499999 0.8002688171875001 0.5712365593750001 0.8086021499999999 0.5884408609375 0.8177419359375 0.6077956984374999 0.8236559140624999 0.6215053765625 0.8244623656250001 0.6357526874999999 0.8231182796875001 0.6481182796875 0.8193548390625001 0.6620967734375001 0.8102150531250001 0.6752688171875 0.7965053765625
1 0.6967741937499999 0.878763440625 0.6870967734375 0.8583333328125 0.668010753125 0.843010753125 0.6594086015625 0.838709678125 0.6486559140625 0.8370967734375 0.6266129031250001 0.8392473125000001 0.6008064515625 0.854838709375 0.598387096875 0.8588709671875 0.5997311828125 0.860215053125 0.614784946875 0.85860215 0.6314516125 0.8607526875 0.6443548390625 0.8650537640625 0.6596774187500001 0.875 0.6731182796875 0.8916666671875 0.6817204296875 0.9099462359375 0.6827956984375 0.9405913984375 0.69032258125 0.9303763437500001 0.69462365625 0.919086021875 0.6978494625 0.8948924734375 0.6967741937499999 0.878763440625
4 0.6905913984375001 0.953763440625 0.67607526875 0.9564516125000001 0.6704301078125 0.9626344093749999 0.6655913984375 0.9728494624999999 0.6814516125 0.9752688171875 0.7067204296875 0.9844086015625001 0.7303763437499999 1 0.7736559140625 0.9997311828125 0.7655913984375 0.9814516125000001 0.7529569890625 0.9682795703125 0.719086021875 0.953763440625 0.6905913984375001 0.953763440625
4 0.3061827953125 0.49139784999999997 0.3013440859375 0.49139784999999997 0.2870967734375 0.5013440859375 0.2693548390625 0.52177419375 0.26720430156249997 0.5276881718750001 0.3145161296875 0.5518817203124999 0.3155913984375 0.52822580625 0.3215053765625 0.5029569890625 0.31209677343750003 0.49462365625000004 0.3061827953125 0.49139784999999997
4 0.2642473125 0.5252688171875 0.2720430109375 0.5163978499999999 0.2774193546875 0.5061827953125 0.2779569890625 0.5013440859375 0.2715053765625 0.48790322656249996 0.26317204375 0.47741935468749996 0.2470430109375 0.4661290328125 0.20188172031249998 0.45860215000000004 0.18467741875000002 0.4607526875 0.16532258125 0.46827957031249995 0.15134408593749998 0.47741935468749996 0.1354838703125 0.5013440859375 0.1338709671875 0.522311828125 0.137634409375 0.5384408609375 0.1427419359375 0.544086021875 0.1551075265625 0.5537634406249999 0.170698925 0.5618279562499999 0.18467741875000002 0.5645161296875 0.20107526875 0.5642473125 0.20967741874999998 0.5508064515625 0.219086021875 0.5419354843749999 0.2438172046875 0.5295698921875001 0.2642473125 0.5252688171875
3 0.313709678125 0.30537634375 0.3166666671875 0.28037634375 0.3021505375 0.2540322578125 0.281989246875 0.23709677343750002 0.2518817203125 0.22258064531250002 0.228763440625 0.2215053765625 0.21586021562500002 0.22634408593750002 0.2072580640625 0.2322580640625 0.196236559375 0.24811827968750003 0.190860215625 0.271236559375 0.19247311875 0.3099462359375 0.195698925 0.319086021875 0.2002688171875 0.3247311828125 0.20833333281250002 0.3247311828125 0.22392473124999998 0.34032258125000003 0.251612903125 0.3454301078125 0.2607526875 0.326612903125 0.27177419375 0.3166666671875 0.285215053125 0.30967741875 0.313709678125 0.30537634375
3 0.19193548437500002 0.2615591390625 0.196236559375 0.2470430109375 0.20537634374999997 0.2314516125 0.20080645156250002 0.22634408593750002 0.1884408609375 0.2220430109375 0.1594086015625 0.2220430109375 0.1379032265625 0.2295698921875 0.12258064531249999 0.2416666671875 0.1145161296875 0.2540322578125 0.11021505312499999 0.26532258125 0.11129032187500001 0.28629032187500003 0.12365591406250001 0.3142473125 0.129838709375 0.3204301078125 0.1422043015625 0.32688172031249996 0.16935483906249998 0.3357526875 0.18467741875000002 0.3220430109375 0.19247311875 0.318010753125 0.190860215625 0.3013440859375 0.19193548437500002 0.2615591390625
3 0.45860215000000004 0.19220430156249999 0.45537634374999997 0.18306451562499998 0.44193548437499997 0.164784946875 0.424462365625 0.148387096875 0.4110215046875 0.14462365625 0.3965053765625 0.146236559375 0.379301075 0.15591397812500002 0.35752688125 0.1771505375 0.347311828125 0.19381720468750002 0.3435483875 0.21317204374999998 0.34677419375 0.21962365625000002 0.3529569890625 0.22311827968750003 0.38037634374999996 0.2166666671875 0.3997311828125 0.22096774218749998 0.419086021875 0.2349462359375 0.43225806406249995 0.2534946234375 0.440860215625 0.24811827968750003 0.45430107499999994 0.229838709375 0.45967741875 0.21317204374999998 0.45860215000000004 0.19220430156249999
3 0.33037634374999997 0.20860215000000001 0.31639785 0.20591397812499998 0.2900537640625 0.212365590625 0.2784946234375 0.221236559375 0.2758064515625 0.2314516125 0.2954301078125 0.246236559375 0.3139784953125 0.271236559375 0.3182795703125 0.27284946250000003 0.33010752656250003 0.24811827968750003 0.34892473125 0.22768817187499998 0.34892473125 0.22392473124999998 0.33037634374999997 0.20860215000000001
2 0.5258064515624999 0.3411290328125 0.5306451609375 0.3142473125 0.5279569890625 0.2879032265625 0.5236559140625 0.277688171875 0.5161290328125 0.26747311875 0.5013440859375 0.256989246875 0.4889784953125 0.25537634374999996 0.466935484375 0.25913978437499996 0.4470430109375 0.2720430109375 0.4365591390625 0.285215053125 0.4344086015625 0.313709678125 0.4279569890625 0.33360215000000004 0.4279569890625 0.3529569890625 0.4301075265625 0.35779569843750003 0.44784946249999996 0.373387096875 0.45268817187500004 0.381989246875 0.4583333328125 0.38763440937500004 0.4607526875 0.387365590625 0.481989246875 0.3752688171875 0.5061827953125 0.3698924734375 0.5182795703124999 0.35779569843750003 0.5258064515624999 0.3411290328125
3 0.4274193546875 0.3314516125 0.43118279531250003 0.32177419375 0.4365591390625 0.28467741874999997 0.43118279531250003 0.2556451609375 0.42311827968750004 0.24112903281250003 0.41478494687499995 0.2322580640625 0.4013440859375 0.22258064531250002 0.380913978125 0.21720430156249998 0.3728494625 0.2177419359375 0.3518817203125 0.2258064515625 0.3354838703125 0.2416666671875 0.3215053765625 0.26532258125 0.3177419359375 0.278763440625 0.31612903281250004 0.2997311828125 0.31612903281250004 0.3061827953125 0.328763440625 0.3150537640625 0.34784946250000004 0.3379032265625 0.35537634375 0.36747311875 0.3604838703125 0.3715053765625 0.3731182796875 0.37177419375 0.3879032265625 0.361290321875 0.4072580640625 0.355913978125 0.4134408609375 0.3508064515625 0.4274193546875 0.3314516125
1 0.29139784999999996 0.13252688125 0.2814516125 0.1220430109375 0.26747311875 0.11505376406250001 0.2551075265625 0.11505376406250001 0.23682795625000003 0.12258064531249999 0.2236559140625 0.137365590625 0.21559139843750003 0.15618279531249998 0.2145161296875 0.176612903125 0.22016129062499998 0.1790322578125 0.22715053749999997 0.17580645156250002 0.2416666671875 0.1747311828125 0.2513440859375 0.1774193546875 0.2639784953125 0.1879032265625 0.27177419375 0.19892473125000001 0.2752688171875 0.1997311828125 0.29516129062499996 0.17392473125000002 0.297311828125 0.165860215625 0.295698925 0.1416666671875 0.29139784999999996 0.13252688125
4 0.2572580640625 0.1822580640625 0.2432795703125 0.17580645156250002 0.2314516125 0.17580645156250002 0.22177419375000001 0.1790322578125 0.2129032265625 0.1857526875 0.20752688125000002 0.1959677421875 0.204301075 0.2104838703125 0.204301075 0.219086021875 0.2077956984375 0.2274193546875 0.21263440937500003 0.2279569890625 0.22768817187499998 0.22096774218749998 0.2427419359375 0.2204301078125 0.2561827953125 0.22258064531250002 0.2720430109375 0.22930107500000002 0.2758064515625 0.224462365625 0.2736559140625 0.20833333281250002 0.2666666671875 0.19220430156249999 0.2572580640625 0.1822580640625
4 0.40591397812499996 0.0884408609375 0.4064516125 0.06639785000000001 0.396236559375 0.0432795703125 0.38682795625 0.0322580640625 0.37392473125 0.0236559140625 0.3529569890625 0.0209677421875 0.3405913984375 0.0231182796875 0.3228494625 0.0306451609375 0.30430107500000003 0.051881720312500004 0.301612903125 0.0604838703125 0.3241935484375 0.0879032265625 0.3354838703125 0.11908602187499999 0.3475806453125 0.1252688171875 0.361290321875 0.12607526875 0.3771505375 0.12365591406250001 0.3857526875 0.11989247343750001 0.393010753125 0.11370967812499999 0.40591397812499996 0.0884408609375
4 0.4088709671875 0.000537634375 0.3274193546875 0.0008064515624999999 0.3258064515625 0.022311828125 0.327688171875 0.0258064515625 0.3556451609375 0.0198924734375 0.375537634375 0.0236559140625 0.393010753125 0.037365590625 0.40430107499999995 0.058333332812500006 0.40860215 0.0599462359375 0.4150537640625 0.051881720312500004 0.4193548390625 0.03360215 0.41881720468749994 0.01962365625 0.4088709671875 0.000537634375
4 0.2438172046875 0 0.24462365625000002 0.020698925 0.26182795625 0.05134408593749999 0.266935484375 0.055913978125 0.29139784999999996 0.0572580640625 0.2991935484375 0.053763440625000006 0.3225806453125 0.027688171875 0.32688172031249996 0.0002688171875 0.2438172046875 0
2 0.25107526875 0.040053764062500004 0.23682795625000003 0.0215053765625 0.2185483875 0.00860215 0.19919354843749998 0.00537634375 0.18467741875000002 0.008064515625000001 0.175537634375 0.012365590625 0.1672043015625 0.020161290625 0.15967741875000002 0.03467741875 0.156989246875 0.055107526562499995 0.1763440859375 0.0943548390625 0.18306451562499998 0.1 0.20080645156250002 0.1 0.220698925 0.10645161249999999 0.2360215046875 0.1088709671875 0.240860215625 0.0879032265625 0.255913978125 0.06317204374999999 0.25537634374999996 0.051881720312500004 0.25107526875 0.040053764062500004
4 0.2002688171875 0.2241935484375 0.20322580625 0.22016129062499998 0.20537634374999997 0.1975806453125 0.2107526875 0.1857526875 0.2107526875 0.18037634375 0.208064515625 0.175537634375 0.19381720468750002 0.162365590625 0.179301075 0.154301075 0.164784946875 0.14946236562499998 0.1545698921875 0.14731182812500002 0.1432795703125 0.1478494625 0.12446236562499999 0.15537634375 0.11559139843749999 0.16317204375 0.10645161249999999 0.177688171875 0.10376344062500001 0.1970430109375 0.108064515625 0.213709678125 0.11989247343750001 0.22930107500000002 0.1268817203125 0.23252688125 0.1459677421875 0.2236559140625 0.1599462359375 0.2204301078125 0.184139784375 0.2204301078125 0.2002688171875 0.2241935484375
4 0.20833333281250002 0.10322580625 0.19005376406250002 0.101612903125 0.180913978125 0.10376344062500001 0.1661290328125 0.11693548437500001 0.1607526875 0.13037634375 0.15967741875000002 0.14543010781250001 0.19005376406250002 0.15967741875000002 0.20833333281250002 0.17419354843749998 0.21182795625 0.17392473125000002 0.2166666671875 0.15134408593749998 0.23333333281250002 0.12069892499999998 0.221236559375 0.109139784375 0.20833333281250002 0.10322580625
4 0.1768817203125 0.1024193546875 0.160215053125 0.06102150468749999 0.15403225781250002 0.056989246874999996 0.12930107500000002 0.053763440625000006 0.10672042968749999 0.06182795625 0.09677419375 0.070698925 0.087634409375 0.0975806453125 0.088709678125 0.12177419375000001 0.09462365625 0.13360215 0.115860215625 0.151612903125 0.1258064515625 0.1524193546875 0.137365590625 0.14677419375 0.15618279531249998 0.144086021875 0.16344086093750002 0.12069892499999998 0.1768817203125 0.1024193546875
3 0.3311827953125 0.1185483875 0.3274193546875 0.0975806453125 0.3139784953125 0.07607526875000001 0.3002688171875 0.0655913984375 0.2857526875 0.06182795625 0.2642473125 0.0645161296875 0.25456989218750004 0.0698924734375 0.2478494625 0.07661290312499999 0.24247311875 0.08629032187499999 0.23978494687500002 0.0997311828125 0.24139784999999997 0.11532258124999999 0.2427419359375 0.11720430156249999 0.24758064531250001 0.11720430156249999 0.2642473125 0.1139784953125 0.281989246875 0.1220430109375 0.2935483875 0.13521505312499998 0.2978494625 0.1583333328125 0.3021505375 0.1594086015625 0.31263440937500003 0.15537634375 0.31747311875 0.15107526875 0.3284946234375 0.13413978437500002 0.3311827953125 0.1185483875
0 0.48225806406249994 0.22715053749999997 0.47903225781250003 0.21639784999999997 0.4709677421875 0.2056451609375 0.46317204375000004 0.199462365625 0.46021505312500005 0.20134408593750003 0.459139784375 0.216935484375 0.45322580625000003 0.2314516125 0.43978494687499997 0.2497311828125 0.4327956984375 0.25456989218750004 0.4365591390625 0.274462365625 0.43978494687499997 0.277688171875 0.4497311828125 0.2682795703125 0.47069892500000005 0.256989246875 0.48064516093750004 0.2395161296875 0.48225806406249994 0.22715053749999997
3 0.546236559375 0.9588709671875 0.5521505375 0.9357526875 0.5521505375 0.918010753125 0.548387096875 0.8905913984374999 0.54032258125 0.871236559375 0.5067204296875001 0.8370967734375 0.4916666671875 0.8301075265625 0.47069892500000005 0.8290322578125 0.43306451562500003 0.845161290625 0.4209677421875 0.8567204296875 0.41397849531249997 0.866935484375 0.40913978437500004 0.878763440625 0.40591397812499996 0.8991935484375 0.40591397812499996 0.912634409375 0.40967741875 0.936290321875 0.4134408609375 0.9470430109375 0.42473118281250005 0.966935484375 0.43521505312500003 0.9795698921874999 0.44919354843750003 0.9908602156249999 0.46962365625 1 0.50752688125 0.9997311828125 0.522311828125 0.993010753125 0.5295698921875001 0.9857526875 0.538709678125 0.9744623656250001 0.546236559375 0.9588709671875
2 0.5688172046875 0.78360215 0.5752688171875 0.7594086015625 0.5747311828125 0.7432795703124999 0.5715053765625 0.7303763437499999 0.55967741875 0.7094086015625 0.5427419359375001 0.6962365593750001 0.534139784375 0.69247311875 0.5072580640625 0.6870967734375 0.483064515625 0.69247311875 0.46182795624999995 0.7072580640624999 0.44247311875 0.7379032265625 0.43763440937500003 0.7577956984374999 0.43978494687499997 0.7846774187500001 0.445698925 0.7986559140625 0.455913978125 0.813709678125 0.47177419374999996 0.8268817203125 0.503763440625 0.8314516125000001 0.52607526875 0.8268817203125 0.5456989250000001 0.812634409375 0.5634408609375 0.7927419359375001 0.5688172046875 0.78360215
2 0.4056451609375 0.8854838703125001 0.4145161296875 0.864784946875 0.4327956984375 0.8432795703125 0.43387096718749996 0.8395161296874999 0.4284946234375 0.8271505375 0.41962365625000003 0.8209677421875 0.4120967734375 0.8193548390625001 0.4029569890625 0.8263440859375001 0.3916666671875 0.8311827953125001 0.3567204296875 0.8360215046875 0.346236559375 0.8518817203125 0.3392473125 0.87392473125 0.33870967812499997 0.8943548390625 0.341935484375 0.9013440859375 0.35403225781250003 0.8924731187500001 0.374462365625 0.8844086015625001 0.39005376406250003 0.8827956984374999 0.4056451609375 0.8854838703125001
2 0.4349462359375 0.773387096875 0.43763440937500003 0.7448924734375 0.43333333281249997 0.727688171875 0.41962365625000003 0.706989246875 0.4056451609375 0.6967741937499999 0.39596774218749997 0.69247311875 0.3534946234375 0.6887096781250001 0.3395161296875 0.694086021875 0.32822580625 0.701612903125 0.31236559062499997 0.71962365625 0.30430107500000003 0.73467741875 0.3 0.7481182796875 0.29677419375 0.773387096875 0.2978494625 0.7852150531250001 0.30322580625 0.7997311828125 0.31290322656249997 0.813709678125 0.327688171875 0.8268817203125 0.3491935484375 0.8344086015625001 0.35752688125 0.835215053125 0.38844086093749997 0.8311827953125001 0.4056451609375 0.8220430109375 0.42311827968750004 0.8002688171875001 0.4349462359375 0.773387096875
2 0.46182795624999995 0.6422043015625001 0.4639784953125 0.61639785 0.45268817187500004 0.58682795625 0.43360215 0.5666666671875 0.412634409375 0.5564516125 0.38844086093749997 0.55537634375 0.36586021562500004 0.5629032265625 0.3405913984375 0.5795698921875 0.3327956984375 0.5873655906249999 0.3209677421875 0.6077956984374999 0.3182795703125 0.6341397843750001 0.3209677421875 0.6475806453125 0.3274193546875 0.6599462359375 0.3502688171875 0.6817204296875 0.36317204375 0.687634409375 0.400537634375 0.6905913984375001 0.4104838703125 0.6887096781250001 0.426612903125 0.6795698921875 0.45268817187500004 0.6583333328125 0.46182795624999995 0.6422043015625001
2 0.34892473125 0.68252688125 0.3284946234375 0.6615591390625 0.3204301078125 0.6475806453125 0.3177419359375 0.63037634375 0.3204301078125 0.6110215046875 0.3193548390625 0.6051075265625 0.31532258125 0.6010752687500001 0.3029569890625 0.5962365593750001 0.28360215 0.595698925 0.26317204375 0.603763440625 0.24811827968750003 0.6155913984375 0.2395161296875 0.6252688171874999 0.2327956984375 0.6271505375 0.2311827953125 0.6309139781249999 0.2327956984375 0.6594086015625 0.24193548437499998 0.679838709375 0.26317204375 0.702688171875 0.28897849531249997 0.7134408609375 0.310215053125 0.7153225812499999 0.31639785 0.7123655906249999 0.330913978125 0.698387096875 0.34865591406249996 0.687634409375 0.34892473125 0.68252688125