4 0.62607526875 0 0.643010753125 0.01532258125 0.65 0.03252688125 0.650537634375 0.0486559140625 0.646236559375 0.06747311875 0.6529569890625 0.0720430109375 0.66182795625 0.072311828125 0.673387096875 0.0704301078125 0.68037634375 0.0661290328125 0.69139785 0.05134408593749999 0.6967741937499999 0.03037634375 0.6956989250000001 0.013709678125 0.69247311875 0.0024193546875 0.6911290328125 0 0.62607526875 0
4 0.7166666671875 0.06317204374999999 0.7024193546874999 0.054301075 0.6948924734374999 0.051612903125 0.6922043015625 0.052688171875 0.679838709375 0.0666666671875 0.6669354843749999 0.07365591406250001 0.6639784953125 0.077688171875 0.66182795625 0.0905913984375 0.6706989250000001 0.097311828125 0.6948924734374999 0.09462365625 0.7150537640625 0.10080645156250001 0.7193548390625 0.0991935484375 0.7225806453125 0.0905913984375 0.7215053765625 0.073387096875 0.7166666671875 0.06317204374999999
4 0.6295698921875 0.2056451609375 0.6295698921875 0.18252688125 0.6258064515624999 0.16747311874999998 0.6177419359375 0.15618279531249998 0.6099462359375 0.14946236562499998 0.5943548390625 0.14247311875 0.57607526875 0.1435483875 0.5518817203124999 0.15806451562499998 0.54247311875 0.1685483875 0.5370967734375001 0.18467741875000002 0.5376344093750001 0.2077956984375 0.546236559375 0.22768817187499998 0.5610215046875 0.24193548437499998 0.5706989250000001 0.24569892499999998 0.5790322578125 0.2459677421875 0.5916666671875 0.24516129062499997 0.6120967734375 0.2349462359375 0.6215053765625 0.22607526875 0.6295698921875 0.2056451609375
4 0.6688172046874999 0.22553763437500002 0.6715053765625 0.21317204374999998 0.6709677421875 0.2002688171875 0.6693548390624999 0.1959677421875 0.6626344093750001 0.190860215625 0.656989246875 0.1932795703125 0.65537634375 0.2002688171875 0.6502688171875 0.204838709375 0.6311827953125 0.1997311828125 0.6284946234375 0.21263440937500003 0.6236559140625 0.22338709687499997 0.6252688171874999 0.24489247343749998 0.627688171875 0.2521505375 0.640860215625 0.2524193546875 0.6475806453125 0.251612903125 0.6540322578125 0.2478494625 0.6629032265625 0.2379032265625 0.6688172046874999 0.22553763437500002
4 0.491935484375 0.11908602187499999 0.49247311875 0.1051075265625 0.49784946249999995 0.08682795625 0.48252688125 0.0806451609375 0.46424731250000006 0.0849462359375 0.44919354843750003 0.093010753125 0.4360215046875 0.1061827953125 0.4317204296875 0.11908602187499999 0.43225806406249995 0.128763440625 0.43763440937500003 0.1443548390625 0.4465053765625 0.15591397812500002 0.4615591390625 0.160215053125 0.4763440859375 0.1604838703125 0.4895161296875 0.15591397812500002 0.5016129031250001 0.14543010781250001 0.49462365625000004 0.13037634375 0.491935484375 0.11908602187499999
4 0.4475806453125 0.1704301078125 0.44032258124999996 0.175 0.4301075265625 0.19005376406250002 0.42473118281250005 0.2024193546875 0.4236559140625 0.21209677343750002 0.4252688171875 0.21747311875 0.42715053750000004 0.21935483906250003 0.43333333281249997 0.219086021875 0.4508064515625 0.2145161296875 0.47903225781250003 0.20080645156250002 0.47338709687499997 0.1725806453125 0.4475806453125 0.1704301078125
2 0.650537634375 0.0481182796875 0.649462365625 0.0314516125 0.64247311875 0.014247312500000001 0.62392473125 0.00107526875 0.5782258062500001 0.000537634375 0.5650537640625 0.010483870312500001 0.555913978125 0.024462365625 0.55107526875 0.0438172046875 0.5521505375 0.0599462359375 0.5545698921875 0.06505376406249999 0.5723118281249999 0.0741935484375 0.5884408609375 0.093010753125 0.605913978125 0.0938172046875 0.612634409375 0.0935483875 0.629838709375 0.0854838703125 0.6413978499999999 0.071236559375 0.650537634375 0.0481182796875
3 0.675537634375 0.1354838703125 0.6879032265625 0.1338709671875 0.6887096781250001 0.12822580625 0.6838709671875 0.112634409375 0.6685483875 0.0978494625 0.6588709671874999 0.09247311875 0.6454301078125 0.088709678125 0.629301075 0.087634409375 0.6110215046875 0.09462365625 0.6053763437499999 0.1013440859375 0.6010752687500001 0.11747311875 0.601612903125 0.13467741875 0.603763440625 0.1432795703125 0.61532258125 0.152688171875 0.6271505375 0.1666666671875 0.631989246875 0.16935483906249998 0.640860215625 0.17016129062500002 0.644086021875 0.1685483875 0.65322580625 0.1518817203125 0.6604838703125 0.14462365625 0.675537634375 0.1354838703125
3 0.54247311875 0.16747311874999998 0.5478494625 0.1610215046875 0.5432795703125 0.15860215 0.525 0.1564516125 0.5061827953125 0.148387096875 0.5024193546875 0.14892473125 0.4916666671875 0.154838709375 0.4784946234375 0.1685483875 0.4768817203125 0.17607526874999999 0.4784946234375 0.1916666671875 0.48333333281249996 0.2024193546875 0.4900537640625 0.20967741874999998 0.514784946875 0.2252688171875 0.5241935484375 0.22661290312500001 0.53817204375 0.21532258125 0.5360215046875 0.1997311828125 0.5376344093750001 0.18037634375 0.54247311875 0.16747311874999998
3 0.5903225812499999 0.1034946234375 0.5865591390625 0.0911290328125 0.573387096875 0.07473118281249999 0.5583333328125 0.0661290328125 0.533064515625 0.0645161296875 0.51747311875 0.0709677421875 0.5 0.0879032265625 0.491935484375 0.10672042968749999 0.491935484375 0.12177419375000001 0.49892473125 0.13844086093750002 0.5077956984374999 0.148387096875 0.52607526875 0.156989246875 0.5467741937499999 0.1583333328125 0.5642473125 0.150537634375 0.5774193546874999 0.1400537640625 0.587634409375 0.12231182812500001 0.5903225812499999 0.1034946234375
3 0.4481182796875 0 0.440860215625 0.013172043750000001 0.43870967812500006 0.029301075 0.44193548437499997 0.042741935937499996 0.45107526875000004 0.059408601562499996 0.478763440625 0.0774193546875 0.50107526875 0.08037634375 0.5077956984374999 0.07795698906250001 0.5317204296875 0.0604838703125 0.5354838703125 0.05134408593749999 0.5365591390625 0.0384408609375 0.5344086015625 0.026075268750000002 0.5290322578125 0.014247312500000001 0.51747311875 0 0.4481182796875 0
3 0.44677419374999994 0.08467741875 0.448387096875 0.0911290328125 0.451612903125 0.09274193593749999 0.4827956984375 0.078763440625 0.4513440859375 0.059139784375000004 0.44677419374999994 0.071236559375 0.44677419374999994 0.08467741875
3 0.440860215625 0.15026881718750001 0.43225806406249995 0.1271505375 0.4327956984375 0.11102150468750001 0.427688171875 0.112365590625 0.41989247343749997 0.121236559375 0.41720430156250005 0.12930107500000002 0.41774193593750003 0.1411290328125 0.4215053765625 0.1518817203125 0.4481182796875 0.1688172046875 0.45967741875 0.16962365625 0.46747311874999997 0.1688172046875 0.4677419359375 0.1615591390625 0.4513440859375 0.15860215 0.440860215625 0.15026881718750001
3 0.44946236562499997 0.172311828125 0.434139784375 0.15860215 0.42392473124999996 0.153763440625 0.415860215625 0.15806451562499998 0.41021505312500006 0.1642473125 0.40376344062499997 0.1814516125 0.408064515625 0.19919354843749998 0.41639784999999996 0.20860215000000001 0.4241935484375 0.21263440937500003 0.4252688171875 0.2034946234375 0.43118279531250003 0.19005376406250002 0.4400537640625 0.1790322578125 0.44946236562499997 0.172311828125