4 0.8698924734375 0.8088709671875 0.8741935484375001 0.7981182796875 0.8731182796875 0.77607526875 0.8588709671875 0.7591397843750001 0.8330645156250001 0.75322580625 0.815860215625 0.75322580625 0.8056451609374999 0.75537634375 0.779301075 0.7666666671875 0.762365590625 0.784139784375 0.7559139781249999 0.8040322578125 0.7591397843750001 0.8185483874999999 0.784139784375 0.8413978500000001 0.7938172046874999 0.8446236562499999 0.8064516125000001 0.8443548390625001 0.81532258125 0.8435483874999999 0.8384408609375 0.8344086015625001 0.8604838703125001 0.8204301078125 0.8698924734375 0.8088709671875
4 0.7166666671875 0.9110215046875 0.7166666671875 0.88682795625 0.7080645156250001 0.86317204375 0.6916666671875 0.84892473125 0.66747311875 0.8392473125000001 0.6411290328125 0.838709678125 0.6344086015625 0.8443548390625001 0.6279569890625 0.863709678125 0.6225806453125 0.8728494625 0.603763440625 0.8922043015625001 0.602688171875 0.9061827953125 0.6115591390625 0.9155913984374999 0.625 0.9215053765624999 0.6411290328125 0.9360215046875 0.6561827953125 0.941935484375 0.6725806453125001 0.9427419359375 0.684139784375 0.941935484375 0.6943548390625 0.9381720437500001 0.7107526875 0.925 0.7166666671875 0.9110215046875
4 0.5188172046874999 0.83682795625 0.5034946234375 0.8263440859375001 0.4814516125 0.8236559140624999 0.466935484375 0.8290322578125 0.4521505375 0.8416666671874999 0.44516129062500004 0.8545698921874999 0.444086021875 0.8706989249999999 0.44516129062500004 0.8814516125 0.4521505375 0.9029569890625 0.475 0.9220430109375 0.4870967734375 0.922311828125 0.5104838703125 0.899462365625 0.5231182796875 0.8905913984374999 0.5268817203125 0.8690860218750001 0.5188172046874999 0.83682795625
4 0.5779569890625 0.7685483875 0.5801075265625 0.7599462359375 0.5779569890625 0.7443548390625 0.570161290625 0.7360215046875 0.5572580640625 0.7290322578125 0.5454301078125 0.7258064515625 0.51532258125 0.7274193546875 0.4900537640625 0.7408602156249999 0.4811827953125 0.7491935484375001 0.4838709671875 0.7696236562500001 0.4827956984375 0.7970430109375 0.4860215046875 0.8163978500000001 0.49112903281250003 0.8215053765624999 0.5099462359375 0.8268817203125 0.5182795703124999 0.8271505375 0.5427419359375001 0.79462365625 0.5551075265625001 0.7860215046875 0.56962365625 0.7822580640625 0.5779569890625 0.7685483875
4 0.70107526875 0.7336021500000001 0.70107526875 0.7260752687500001 0.6967741937499999 0.715860215625 0.68360215 0.7043010749999999 0.6669354843749999 0.6973118281249999 0.6475806453125 0.694086021875 0.631989246875 0.6967741937499999 0.6177419359375 0.7067204296875 0.6107526875 0.72177419375 0.6086021500000001 0.7459677421875 0.609139784375 0.7594086015625 0.6188172046875 0.78252688125 0.6314516125 0.788709678125 0.644086021875 0.7895161296875 0.68252688125 0.7833333328125 0.69139785 0.7620967734375 0.6978494625 0.7529569890625 0.70107526875 0.7336021500000001
4 0.7645161296875 0.78037634375 0.7758064515624999 0.766935484375 0.7693548390625 0.7448924734375 0.7588709671875 0.7344086015625 0.7486559140625 0.7311827953125001 0.727688171875 0.7327956984374999 0.7137096781250001 0.745698925 0.7072580640624999 0.749462365625 0.7024193546874999 0.749462365625 0.69139785 0.764784946875 0.687634409375 0.779301075 0.6881720437500001 0.7922043015625 0.691935484375 0.8029569890625 0.6965053765625 0.808064515625 0.7034946234375 0.8139784953125 0.7185483875 0.8209677421875 0.7349462359375 0.822311828125 0.7448924734375 0.8204301078125 0.75322580625 0.8142473125 0.756989246875 0.7932795703125 0.7645161296875 0.78037634375
4 0.7322580640624999 0.6556451609375 0.7271505375 0.65107526875 0.720698925 0.648387096875 0.7072580640624999 0.648387096875 0.687365590625 0.656989246875 0.6725806453125001 0.6706989250000001 0.6688172046874999 0.68037634375 0.6682795703125 0.6943548390625 0.6943548390625 0.710215053125 0.7056451609375001 0.7279569890625 0.7155913984375 0.728763440625 0.7263440859375 0.7223118281249999 0.7338709671875 0.7077956984375 0.7354838703125 0.66317204375 0.7322580640624999 0.6556451609375
4 0.6682795703125 0.6572580640625 0.662365590625 0.6405913984375 0.6481182796875 0.6284946234375 0.636290321875 0.6145161296875 0.63037634375 0.612365590625 0.6142473125000001 0.6145161296875 0.5970430109375 0.6225806453125 0.5849462359375 0.6389784953125 0.5806451609375001 0.6594086015625 0.5822580640624999 0.6728494625 0.5903225812499999 0.6879032265625 0.6045698921875 0.70107526875 0.6177419359375 0.7024193546874999 0.6357526874999999 0.694086021875 0.66317204375 0.693010753125 0.6693548390624999 0.672311828125 0.6682795703125 0.6572580640625
3 0.279838709375 0.9548387093749999 0.264784946875 0.95537634375 0.2400537640625 0.9666666671874999 0.22311827968750003 0.981989246875 0.2129032265625 0.9991935484375001 0.3182795703125 0.9997311828125 0.3145161296875 0.9814516125000001 0.30537634375 0.968010753125 0.2922043015625 0.9586021499999999 0.279838709375 0.9548387093749999
3 0.4545698921875 0.9075268812499999 0.43037634375 0.90107526875 0.4056451609375 0.90322580625 0.3857526875 0.9139784953125 0.3698924734375 0.931989246875 0.361290321875 0.9561827953125001 0.360215053125 0.9825268812499999 0.362634409375 1 0.47580645156249995 0.9997311828125 0.4827956984375 0.9604838703125 0.48225806406249994 0.9438172046875 0.4704301078125 0.9217741937499999 0.4545698921875 0.9075268812499999
3 0.3752688171875 0.8857526874999999 0.3650537640625 0.8481182796875 0.3564516125 0.8357526875 0.3459677421875 0.8284946234375001 0.32231182812500003 0.8241935484375 0.31317204374999996 0.8252688171875 0.3018817203125 0.8301075265625 0.2860215046875 0.8432795703125 0.2758064515625 0.8620967734375 0.2731182796875 0.878763440625 0.2870967734375 0.91747311875 0.3 0.936290321875 0.3115591390625 0.9435483874999999 0.32688172031249996 0.9465053765624999 0.34435483906250003 0.94032258125 0.3639784953125 0.9233870968750001 0.3715053765625 0.9072580640625001 0.3752688171875 0.8857526874999999
3 0.46747311874999997 0.8274193546875 0.48225806406249994 0.820698925 0.48333333281249996 0.8110215046875 0.4811827953125 0.8013440859375001 0.46478494687499994 0.7822580640625 0.44274193593750005 0.7698924734375 0.43360215 0.762365590625 0.42822580625000006 0.760215053125 0.4120967734375 0.7607526874999999 0.39596774218749997 0.7682795703124999 0.3763440859375 0.7884408609375 0.37043010781249996 0.7997311828125 0.3698924734375 0.820161290625 0.37580645156250003 0.8357526875 0.3943548390625 0.84892473125 0.4045698921875 0.8612903218750001 0.42231182812499996 0.8704301078125001 0.43978494687499997 0.8728494625 0.443010753125 0.868010753125 0.44462365625 0.8540322578125 0.45107526875000004 0.8411290328125001 0.46747311874999997 0.8274193546875
3 0.60322580625 0.9497311828124999 0.605913978125 0.9314516125000001 0.6021505375 0.91317204375 0.599462365625 0.9083333328125001 0.581989246875 0.893010753125 0.562634409375 0.8854838703125001 0.5405913984375 0.8854838703125001 0.523387096875 0.891935484375 0.5104838703125 0.9005376343749999 0.49139784999999997 0.9233870968750001 0.4844086015625 0.9411290328125 0.4844086015625 0.9604838703125 0.493010753125 0.973387096875 0.5104838703125 0.9903225812500001 0.5241935484375 0.9922043015625001 0.5416666671875 0.9822580640625 0.575537634375 0.9811827953125001 0.5887096781250001 0.9696236562499999 0.60322580625 0.9497311828124999
3 0.8086021499999999 0.6868279562499999 0.8129032265625 0.6706989250000001 0.812365590625 0.6502688171875 0.80967741875 0.6411290328125 0.7981182796875 0.6301075265625 0.78360215 0.6252688171874999 0.773387096875 0.6252688171874999 0.762634409375 0.6290322578125 0.7483870968749999 0.6395161296875 0.738709678125 0.6556451609375 0.7338709671875 0.6782258062500001 0.7360215046875 0.6981182796875001 0.7481182796875 0.7145161296875 0.7610215046875 0.7209677421875 0.7779569890625 0.72177419375 0.78360215 0.7204301078124999 0.797311828125 0.7110215046875 0.8 0.7013440859375 0.8086021499999999 0.6868279562499999
3 0.891935484375 0.7384408609374999 0.88817204375 0.729838709375 0.8795698921874999 0.719086021875 0.863709678125 0.70752688125 0.8395161296874999 0.70537634375 0.8131720437500001 0.709139784375 0.7905913984375 0.7193548390625 0.7801075265625 0.733064515625 0.7790322578125 0.7491935484375001 0.7846774187500001 0.752688171875 0.8099462359375 0.753763440625 0.8271505375 0.7521505375 0.8518817203125 0.7559139781249999 0.8588709671875 0.75860215 0.8685483875 0.7677419359375001 0.876612903125 0.7715053765625 0.8822580640625001 0.771236559375 0.8887096781249999 0.766935484375 0.891935484375 0.7610215046875 0.8935483874999999 0.7534946234375 0.891935484375 0.7384408609374999
3 0.9946236562499999 0.776612903125 0.9956989249999999 0.7588709671875 0.9924731187500001 0.7454301078125 0.980913978125 0.7344086015625 0.9534946234375001 0.7241935484375001 0.9266129031249999 0.7317204296875001 0.9120967734375001 0.7408602156249999 0.9005376343749999 0.7529569890625 0.893010753125 0.771236559375 0.8935483874999999 0.7889784953125 0.8989247312499999 0.8040322578125 0.918010753125 0.8188172046875 0.92607526875 0.8231182796875001 0.9338709671875 0.8244623656250001 0.9529569890625 0.8198924734374999 0.97822580625 0.8053763437500001 0.9870967734375 0.7948924734375 0.9946236562499999 0.776612903125
3 1 0.6793010749999999 0.9954301078125001 0.6790322578125 0.984139784375 0.6827956984375 0.9685483874999999 0.691935484375 0.95537634375 0.7072580640624999 0.9532258062500001 0.71962365625 0.9561827953125001 0.7247311828125 0.981989246875 0.7354838703125 0.99139785 0.7454301078125 0.995161290625 0.7556451609375 0.995161290625 0.770698925 0.9844086015625001 0.8008064515625 0.9884408609375 0.8053763437500001 1 0.8051075265625001 1 0.6793010749999999
1 0.4454301078125 0.9005376343749999 0.447311828125 0.8938172046874999 0.44193548437499997 0.876612903125 0.423387096875 0.8720430109375 0.4088709671875 0.8655913984374999 0.3905913984375 0.84677419375 0.38413978437499996 0.8435483874999999 0.376612903125 0.843010753125 0.3685483875 0.84677419375 0.36612903281250003 0.8545698921874999 0.37580645156250003 0.8857526874999999 0.3752688171875 0.8948924734375 0.3682795703125 0.91962365625 0.3688172046875 0.92392473125 0.3731182796875 0.9244623656250001 0.38682795625 0.91182795625 0.4056451609375 0.902688171875 0.4228494625 0.9 0.4454301078125 0.9005376343749999
4 0.28817204375 0.91962365625 0.2774193546875 0.8900537640625 0.272311828125 0.8860215046875 0.263709678125 0.8887096781249999 0.253763440625 0.8965053765625 0.24569892499999998 0.9099462359375 0.244086021875 0.9282258062500001 0.2478494625 0.9411290328125 0.25322580625 0.9497311828124999 0.25887096718749997 0.954301075 0.28091397812499996 0.954301075 0.303763440625 0.9626344093749999 0.30860215 0.9588709671875 0.310215053125 0.9454301078125 0.29892473124999996 0.9357526875 0.28817204375 0.91962365625
0 1 0.831989246875 0.980913978125 0.8279569890625 0.9771505375 0.8236559140624999 0.9728494624999999 0.8252688171875 0.9709677421875 0.82392473125 0.9704301078125 0.8163978500000001 0.9685483874999999 0.8155913984375 0.96532258125 0.8215053765624999 0.9384408609375001 0.8263440859375001 0.9284946234375001 0.8314516125000001 0.9268817203124999 0.8346774187499999 0.9279569890625 0.8540322578125 0.9241935484375 0.8674731187500001 0.9241935484375 0.885215053125 0.9295698921875 0.914784946875 0.94032258125 0.933064515625 0.9534946234375001 0.9424731187500001 0.9768817203125 0.9448924734374999 0.9862903218750001 0.9435483874999999 1 0.934139784375 1 0.831989246875
0 0.63817204375 0.936290321875 0.6266129031250001 0.9247311828125 0.618010753125 0.9198924734375 0.6056451609375 0.9188172046874999 0.6064516125 0.9384408609375001 0.604301075 0.9481182796875001 0.5973118281249999 0.9599462359375 0.5774193546874999 0.980913978125 0.5790322578125 0.9846774187499999 0.5943548390625 1 0.65322580625 0.9997311828125 0.658064515625 0.9846774187499999 0.658064515625 0.972311828125 0.6521505375000001 0.9556451609375 0.63817204375 0.936290321875
0 0.53682795625 0.9849462359375 0.53037634375 0.9924731187500001 0.5239247312499999 0.9940860218750001 0.5177419359375001 0.9997311828125 0.5935483875 0.9997311828125 0.5814516125 0.9870967734375 0.574462365625 0.9833333328125 0.5637096781250001 0.9811827953125001 0.53682795625 0.9849462359375