4 0.605913978125 0.918010753125 0.60752688125 0.9013440859375 0.604838709375 0.8932795703125 0.6008064515625 0.8870967734375 0.586290321875 0.8763440859375 0.5771505375 0.8736559140625 0.5610215046875 0.8736559140625 0.5465053765625 0.8779569890625 0.5287634406249999 0.8876344093749999 0.511290321875 0.9094086015625 0.510215053125 0.9255376343749999 0.5177419359375001 0.937365590625 0.5225806453125 0.9502688171875 0.534139784375 0.9564516125000001 0.550537634375 0.9577956984375 0.5642473125 0.955913978125 0.5814516125 0.9478494625 0.59892473125 0.929838709375 0.605913978125 0.918010753125
4 0.49032258124999994 0.577688171875 0.4860215046875 0.5642473125 0.4860215046875 0.5416666671875 0.47741935468749996 0.5287634406249999 0.4604838703125 0.5150537640625 0.4400537640625 0.5064516125 0.42069892500000006 0.5064516125 0.4013440859375 0.5145161296875 0.3935483875 0.525 0.3860215046875 0.5427419359375001 0.38709677343750004 0.5577956984375 0.396236559375 0.5798387093749999 0.4120967734375 0.5978494624999999 0.43145161249999997 0.6086021500000001 0.44784946249999996 0.6110215046875 0.455913978125 0.6008064515625 0.46532258125 0.5935483875 0.49032258124999994 0.58467741875 0.49032258124999994 0.577688171875
4 0.638709678125 0.53360215 0.638709678125 0.5239247312499999 0.6322580640625 0.5002688171874999 0.6266129031250001 0.49139784999999997 0.613709678125 0.48333333281249996 0.5948924734375 0.48225806406249994 0.5793010749999999 0.48817204375 0.566935484375 0.49731182812499997 0.5537634406249999 0.513709678125 0.5618279562499999 0.520161290625 0.5747311828125 0.5362903218749999 0.5811827953125001 0.5508064515625 0.5833333328125 0.5647849468749999 0.5887096781250001 0.56747311875 0.6034946234375 0.5618279562499999 0.622311828125 0.55860215 0.6311827953125 0.5491935484375 0.638709678125 0.53360215
4 0.52607526875 0.51182795625 0.5456989250000001 0.5115591390625001 0.54247311875 0.49704301093750003 0.531989246875 0.4827956984375 0.5239247312499999 0.4779569890625 0.5115591390625001 0.47526881718749997 0.49327957031249997 0.4795698921875 0.4844086015625 0.486290321875 0.4768817203125 0.5034946234375 0.47526881718749997 0.5196236562500001 0.4768817203125 0.52607526875 0.4870967734375 0.5379032265625 0.4900537640625 0.5376344093750001 0.5061827953125 0.5193548390625 0.513709678125 0.5150537640625 0.52607526875 0.51182795625
4 0.5817204296875 0.5534946234375 0.5752688171875 0.5379032265625 0.5604838703125 0.5204301078125 0.5454301078125 0.5129032265625 0.5276881718750001 0.51182795625 0.5099462359375 0.5172043015625001 0.49462365625000004 0.531989246875 0.48817204375 0.5443548390624999 0.48655913906250003 0.5631720437500001 0.490860215625 0.577688171875 0.495698925 0.5857526875 0.522311828125 0.606989246875 0.5311827953125 0.6083333328125 0.5545698921875 0.603763440625 0.5655913984375001 0.5965053765625 0.5801075265625 0.574462365625 0.5817204296875 0.5534946234375
4 0.6478494625 0.6701612906250001 0.6454301078125 0.6639784953125 0.622311828125 0.6709677421875 0.6067204296875001 0.6709677421875 0.5884408609375 0.6666666671875 0.5860215046875 0.669086021875 0.5860215046875 0.6879032265625 0.5801075265625 0.7094086015625 0.5879032265624999 0.7123655906249999 0.601612903125 0.7120967734375 0.627688171875 0.7080645156250001 0.639784946875 0.6986559140625 0.647311828125 0.679838709375 0.6478494625 0.6701612906250001
3 0.6736559140625 0.6158602156249999 0.6715053765625 0.5981182796875 0.662365590625 0.581989246875 0.6470430109375 0.5677419359375 0.63360215 0.5618279562499999 0.624462365625 0.5602150531250001 0.6018817203125 0.5629032265625 0.584139784375 0.5715053765625 0.5666666671875 0.5965053765625 0.559139784375 0.6034946234375 0.555913978125 0.61317204375 0.55860215 0.635215053125 0.562365590625 0.6422043015625001 0.576612903125 0.658064515625 0.5954301078124999 0.6682795703125 0.6077956984374999 0.6709677421875 0.6209677421875 0.6706989250000001 0.6438172046874999 0.6639784953125 0.6596774187500001 0.6497311828125001 0.6709677421875 0.6314516125 0.6736559140625 0.6158602156249999
3 0.5274193546875 0.6357526874999999 0.5247311828125001 0.61639785 0.5182795703124999 0.6045698921875 0.5051075265625 0.5935483875 0.49220430156250006 0.58817204375 0.47607526875 0.5892473125000001 0.45779569843749995 0.599462365625 0.444086021875 0.61962365625 0.43924731250000004 0.6379032265625 0.44139785 0.6583333328125 0.45107526875000004 0.674462365625 0.4556451609375 0.6784946234375 0.47123655937500003 0.6849462359375 0.48655913906250003 0.6862903218749999 0.4975806453125 0.6838709671875 0.5155913984375 0.6701612906250001 0.5247311828125001 0.6518817203125 0.5274193546875 0.6357526874999999
3 0.5844086015625 0.6943548390625 0.5860215046875 0.681989246875 0.5827956984375 0.664784946875 0.5561827953125 0.6360215046875 0.537365590625 0.6338709671875 0.5284946234375 0.637365590625 0.5188172046874999 0.665860215625 0.5083333328124999 0.6774193546875 0.49784946249999995 0.684139784375 0.49677419375 0.6889784953125 0.5021505375 0.7061827953125001 0.51532258125 0.7225806453125 0.53037634375 0.7301075265625 0.543010753125 0.73252688125 0.5599462359375 0.7279569890625 0.5715053765625 0.71747311875 0.5784946234375 0.7077956984375 0.5844086015625 0.6943548390625
3 0.575 0.9516129031249999 0.5594086015624999 0.956989246875 0.5454301078125 0.9586021499999999 0.533064515625 0.9564516125000001 0.5274193546875 0.96317204375 0.5247311828125001 0.9771505375 0.5276881718750001 1 0.608064515625 0.9997311828125 0.608064515625 0.9744623656250001 0.595161290625 0.9491935484375 0.5884408609375 0.943010753125 0.575 0.9516129031249999
3 0.5209677421875 0.9481182796875001 0.5107526874999999 0.9282258062500001 0.49973118281250006 0.9193548390625 0.486290321875 0.9155913984374999 0.47338709687499997 0.9166666671874999 0.4545698921875 0.9290322578125 0.44247311875 0.9448924734374999 0.4354838703125 0.96532258125 0.4365591390625 0.980913978125 0.44139785 0.9927419359374999 0.44865591406250005 1 0.5 0.9997311828125 0.5129032265625 0.9857526875 0.5177419359375001 0.975537634375 0.5215053765625 0.9604838703125 0.5209677421875 0.9481182796875001
3 0.5284946234375 0.8572580640625 0.5220430109375 0.8416666671874999 0.5067204296875001 0.8193548390625001 0.49112903281250003 0.8107526875 0.47392473125 0.80967741875 0.4588709671875 0.8166666671874999 0.447311828125 0.831989246875 0.447311828125 0.87392473125 0.45268817187500004 0.8879032265625 0.46962365625 0.9086021499999999 0.478763440625 0.9139784953125 0.498387096875 0.914784946875 0.5107526874999999 0.9077956984375 0.5268817203125 0.8857526874999999 0.5295698921875001 0.871236559375 0.5284946234375 0.8572580640625
3 0.4704301078125 0.9163978500000001 0.4693548390625 0.9094086015625 0.46021505312500005 0.8997311828125 0.447311828125 0.876612903125 0.44435483906249995 0.8747311828125 0.418010753125 0.8768817203125 0.4029569890625 0.8811827953125 0.38817204375 0.8922043015625001 0.3801075265625 0.9077956984375 0.3801075265625 0.922311828125 0.3822580640625 0.929838709375 0.3932795703125 0.9462365593750001 0.4120967734375 0.956989246875 0.43225806406249995 0.9572580640625 0.43817204375 0.9540322578125 0.447311828125 0.9368279562499999 0.45537634374999997 0.927688171875 0.4704301078125 0.9163978500000001
3 0.60967741875 0.837365590625 0.5965053765625 0.8236559140624999 0.58467741875 0.8198924734374999 0.5685483875 0.8209677421875 0.5545698921875 0.8274193546875 0.5370967734375001 0.8443548390625001 0.5317204296875 0.8744623656250001 0.53360215 0.8827956984374999 0.5534946234375 0.8752688171875 0.5723118281249999 0.8731182796875 0.585215053125 0.8758064515624999 0.6010752687500001 0.886290321875 0.606989246875 0.8809139781249999 0.612365590625 0.8690860218750001 0.6139784953125 0.8502688171875 0.60967741875 0.837365590625
3 0.658064515625 0.919086021875 0.65322580625 0.9051075265625 0.6411290328125 0.8924731187500001 0.6266129031250001 0.8865591390625 0.6077956984374999 0.8838709671875 0.603763440625 0.88682795625 0.60752688125 0.8991935484375 0.60752688125 0.9137096781249999 0.60322580625 0.9244623656250001 0.591935484375 0.9379032265625 0.5903225812499999 0.9427419359375 0.5973118281249999 0.9524193546875 0.604301075 0.968010753125 0.6077956984374999 0.9715053765624999 0.6161290328125 0.97177419375 0.63360215 0.9693548390625001 0.648387096875 0.9599462359375 0.6537634406249999 0.9502688171875 0.658064515625 0.919086021875