3 0.5451612906250001 0.9061827953125 0.5365591390625 0.8884408609375001 0.518010753125 0.8709677421875 0.5029569890625 0.8661290328125 0.47822580625000005 0.8639784953125 0.46586021562499996 0.8698924734375 0.45967741875 0.87607526875 0.45322580625000003 0.8873655906250001 0.45 0.9051075265625 0.4521505375 0.9244623656250001 0.46182795624999995 0.9416666671874999 0.475537634375 0.954301075 0.4905913984375 0.9607526875 0.502688171875 0.9615591390624999 0.522311828125 0.9564516125000001 0.5360215046875 0.9459677421875 0.54462365625 0.929301075 0.5451612906250001 0.9061827953125
3 0.43118279531250003 0.6341397843750001 0.4295698921875 0.614784946875 0.4061827953125 0.5892473125000001 0.39220430156249997 0.5822580640624999 0.3685483875 0.5806451609375001 0.3567204296875 0.5833333328125 0.3405913984375 0.593010753125 0.3311827953125 0.6077956984374999 0.3284946234375 0.6190860218750001 0.33064516093749996 0.6405913984375 0.3392473125 0.6572580640625 0.3610215046875 0.6741935484375 0.389784946875 0.675537634375 0.40779569843749996 0.6693548390624999 0.4161290328125 0.6626344093750001 0.4274193546875 0.6486559140625 0.43118279531250003 0.6341397843750001
3 0.4290322578125 0.47822580625000005 0.4344086015625 0.46639785 0.4354838703125 0.45618279531250006 0.43118279531250003 0.4395161296875 0.4228494625 0.4274193546875 0.412634409375 0.4204301078125 0.3954301078125 0.4145161296875 0.375537634375 0.4193548390625 0.36290322656249996 0.42822580625000006 0.35107526875 0.4470430109375 0.349462365625 0.466935484375 0.355913978125 0.481989246875 0.3655913984375 0.4889784953125 0.387365590625 0.47741935468749996 0.4024193546875 0.4768817203125 0.420161290625 0.4827956984375 0.4290322578125 0.47822580625000005
4 0.59462365625 0.466935484375 0.59462365625 0.4475806453125 0.5822580640624999 0.415860215625 0.5706989250000001 0.4064516125 0.5567204296875 0.40161290312500003 0.5427419359375001 0.4150537640625 0.5236559140625 0.427688171875 0.5231182796875 0.43629032187499994 0.5177419359375001 0.4454301078125 0.5172043015625001 0.45510752656250003 0.5204301078125 0.46908602187500004 0.5239247312499999 0.47311827968750003 0.5395161296875 0.4838709671875 0.5502688171875 0.49677419375 0.5612903218749999 0.4981182796875 0.56962365625 0.49731182812499997 0.5793010749999999 0.49247311875 0.5887096781250001 0.483064515625 0.59462365625 0.466935484375
4 0.555913978125 0.675 0.5422043015625 0.6612903218749999 0.516935484375 0.651612903125 0.4991935484375 0.6521505375000001 0.4889784953125 0.656989246875 0.48172042968750006 0.6669354843749999 0.48064516093750004 0.676612903125 0.4827956984375 0.6868279562499999 0.49139784999999997 0.7002688171875 0.4991935484375 0.70860215 0.512634409375 0.7172043015625 0.5239247312499999 0.7204301078124999 0.53817204375 0.720161290625 0.5529569890625 0.7123655906249999 0.5602150531250001 0.6986559140625 0.5607526875 0.6862903218749999 0.555913978125 0.675
3 0.339784946875 0.8083333328125001 0.347311828125 0.7922043015625 0.3357526875 0.7865591390625 0.3104838703125 0.7844086015625 0.2927419359375 0.7865591390625 0.28037634375 0.79247311875 0.2704301078125 0.8024193546875 0.2661290328125 0.8099462359375 0.26344086093749997 0.819086021875 0.2645161296875 0.829301075 0.28682795625 0.8397849468749999 0.3077956984375 0.8564516125000001 0.325 0.8639784953125 0.33010752656250003 0.863709678125 0.34462365625 0.8513440859375001 0.33817204375 0.8330645156250001 0.33817204375 0.818010753125 0.339784946875 0.8083333328125001
1 0.54462365625 0.2938172046875 0.529838709375 0.2790322578125 0.515860215625 0.2779569890625 0.5024193546875 0.28010752656250004 0.4771505375 0.29086021562500003 0.46666666718750005 0.3013440859375 0.4607526875 0.328763440625 0.46317204375000004 0.34677419375 0.486290321875 0.3322580640625 0.5040322578125 0.32634408593750003 0.51747311875 0.32634408593750003 0.53037634375 0.33010752656250003 0.5532258062500001 0.3465053765625 0.55537634375 0.3389784953125 0.55537634375 0.32446236562499997 0.5526881718750001 0.3110215046875 0.54462365625 0.2938172046875
2 0.5612903218749999 0.3857526875 0.55967741875 0.3642473125 0.5521505375 0.3475806453125 0.537365590625 0.3338709671875 0.518010753125 0.32634408593750003 0.49865591406250004 0.3274193546875 0.48252688125 0.3349462359375 0.4650537640625 0.34811827968750003 0.45752688125 0.364784946875 0.45752688125 0.39220430156249997 0.4709677421875 0.418010753125 0.48575268749999995 0.4274193546875 0.506989246875 0.42983870937499996 0.52177419375 0.4268817203125 0.5465053765625 0.411290321875 0.5564516125 0.40026881718749996 0.5612903218749999 0.3857526875
2 0.55107526875 0.49973118281250006 0.537365590625 0.4827956984375 0.520161290625 0.4715053765625 0.49704301093750003 0.46827957031249995 0.478763440625 0.47311827968750003 0.4685483875 0.47903225781250003 0.45967741875 0.4895161296875 0.45430107499999994 0.5024193546875 0.45268817187500004 0.51317204375 0.45618279531250006 0.5155913984375 0.48037634375 0.5198924734375 0.4943548390625 0.5274193546875 0.5107526874999999 0.5459677421875 0.5182795703124999 0.5647849468749999 0.548387096875 0.5470430109375 0.5543010749999999 0.525 0.5543010749999999 0.51317204375 0.55107526875 0.49973118281250006
2 0.5161290328125 0.5717741937499999 0.5161290328125 0.562634409375 0.511290321875 0.5475806453125001 0.49274193593750004 0.5263440859374999 0.47822580625000005 0.5193548390625 0.4529569890625 0.5150537640625 0.43037634375 0.5247311828125001 0.4215053765625 0.53252688125 0.4129032265625 0.5465053765625 0.40860215 0.562634409375 0.41021505312500006 0.58037634375 0.4161290328125 0.5970430109375 0.44274193593750005 0.6177419359375 0.456989246875 0.620161290625 0.4771505375 0.6166666671875001 0.4991935484375 0.603763440625 0.5129032265625 0.584139784375 0.5161290328125 0.5717741937499999
2 0.604838709375 0.6099462359375 0.6064516125 0.5884408609375 0.600537634375 0.5717741937499999 0.5879032265624999 0.5564516125 0.575 0.550537634375 0.5481182796875 0.549462365625 0.524462365625 0.562365590625 0.5172043015625001 0.569086021875 0.5129032265625 0.58467741875 0.499462365625 0.6045698921875 0.499462365625 0.625 0.50860215 0.6411290328125 0.52177419375 0.65322580625 0.530913978125 0.65752688125 0.5451612906250001 0.6594086015625 0.5572580640625 0.658064515625 0.5782258062500001 0.648387096875 0.59462365625 0.63037634375 0.604838709375 0.6099462359375
2 0.6193548390625 0.6395161296875 0.6134408609374999 0.627688171875 0.6045698921875 0.6182795703124999 0.6 0.620161290625 0.59247311875 0.63360215 0.5814516125 0.646236559375 0.565860215625 0.654838709375 0.5486559140625 0.659139784375 0.5456989250000001 0.6615591390625 0.55752688125 0.676612903125 0.5612903218749999 0.6868279562499999 0.5612903218749999 0.6954301078125 0.55537634375 0.7104838703125 0.5615591390625 0.7134408609375 0.5736559140625 0.7137096781250001 0.5873655906249999 0.710215053125 0.6053763437499999 0.6943548390625 0.6198924734375 0.6594086015625 0.6193548390625 0.6395161296875