2 0.4889784953125 0.013440860937499998 0.478763440625 0.013440860937499998 0.4604838703125 0.0182795703125 0.4508064515625 0.0236559140625 0.444086021875 0.03037634375 0.4354838703125 0.0443548390625 0.43387096718749996 0.0588709671875 0.44247311875 0.077688171875 0.4534946234375 0.087634409375 0.475537634375 0.097311828125 0.4844086015625 0.0975806453125 0.487634409375 0.0965053765625 0.48924731250000003 0.0879032265625 0.490860215625 0.01532258125 0.4889784953125 0.013440860937499998
2 0.6672043015625 0.14543010781250001 0.65860215 0.121236559375 0.6459677421875 0.106989246875 0.620698925 0.09516129062499999 0.5970430109375 0.095698925 0.581989246875 0.101612903125 0.5677419359375 0.11155913906249999 0.547311828125 0.1416666671875 0.54139785 0.169086021875 0.5456989250000001 0.1932795703125 0.5491935484375 0.19462365625 0.5610215046875 0.190860215625 0.5965053765625 0.19247311875 0.639784946875 0.21639784999999997 0.6596774187500001 0.1911290328125 0.6666666671875 0.170698925 0.6682795703125 0.1610215046875 0.6672043015625 0.14543010781250001
2 0.37580645156250003 0.35779569843750003 0.3817204296875 0.3379032265625 0.38817204375 0.329301075 0.39247311875 0.318010753125 0.3865591390625 0.29489247343749997 0.389784946875 0.28629032187500003 0.3817204296875 0.275 0.35994623593749997 0.25913978437499996 0.3389784953125 0.25322580625 0.3056451609375 0.256989246875 0.28252688125000003 0.2666666671875 0.270698925 0.27634408593750004 0.25860215000000003 0.29059139843750004 0.252688171875 0.3034946234375 0.25 0.31639785 0.249462365625 0.3379032265625 0.25537634374999996 0.3572580640625 0.25913978437499996 0.36317204375 0.27822580625 0.3822580640625 0.2916666671875 0.388709678125 0.3051075265625 0.391935484375 0.3252688171875 0.3916666671875 0.34435483906250003 0.38763440937500004 0.36236559062499996 0.380913978125 0.3672043015625 0.369086021875 0.37580645156250003 0.35779569843750003
2 0.493010753125 0.39596774218749997 0.494086021875 0.3620967734375 0.48817204375 0.337365590625 0.4811827953125 0.325537634375 0.462634409375 0.30806451562500003 0.44381720468749997 0.30752688125 0.418010753125 0.3166666671875 0.3981182796875 0.3274193546875 0.39032258125 0.335215053125 0.3801075265625 0.3513440859375 0.37043010781249996 0.373387096875 0.3693548390625 0.3895161296875 0.3709677421875 0.4034946234375 0.3774193546875 0.43145161249999997 0.3817204296875 0.4405913984375 0.3932795703125 0.455913978125 0.41639784999999996 0.4655913984375 0.4241935484375 0.46639785 0.4534946234375 0.455913978125 0.46989247343749996 0.4422043015625 0.47903225781250003 0.429301075 0.493010753125 0.39596774218749997
2 0.34892473125 0.46962365625 0.352688171875 0.4524193546875 0.345698925 0.431989246875 0.345698925 0.415860215625 0.3411290328125 0.41075268749999994 0.3072580640625 0.41182795624999996 0.287365590625 0.4220430109375 0.28064516093749997 0.42876344062499994 0.2666666671875 0.4529569890625 0.2639784953125 0.462634409375 0.26344086093749997 0.47930107499999997 0.26881720468750003 0.49327957031249997 0.285215053125 0.5064516125 0.3 0.5083333328124999 0.313709678125 0.50537634375 0.323387096875 0.5 0.3338709671875 0.4900537640625 0.34892473125 0.46962365625
2 0.4120967734375 0.6956989250000001 0.4040322578125 0.69462365625 0.3895161296875 0.7021505375 0.3801075265625 0.7115591390625 0.3736559140625 0.725 0.37204301093750003 0.7454301078125 0.37580645156250003 0.7620967734375 0.38763440937500004 0.7814516125 0.39596774218749997 0.78817204375 0.40967741875 0.7911290328125 0.4134408609375 0.78360215 0.41559139843750004 0.7663978499999999 0.41397849531249997 0.7029569890625 0.4120967734375 0.6956989250000001
2 0.389784946875 0.787365590625 0.381989246875 0.7763440859374999 0.3620967734375 0.7655913984375 0.34811827968750003 0.7629032265625 0.33360215000000004 0.7650537640625 0.325537634375 0.7698924734375 0.31612903281250004 0.781989246875 0.310215053125 0.7997311828125 0.31290322656249997 0.8131720437500001 0.3215053765625 0.830913978125 0.3416666671875 0.8462365593750001 0.37043010781249996 0.8491935484375001 0.3857526875 0.838709678125 0.3935483875 0.828763440625 0.395161290625 0.8120967734375 0.389784946875 0.787365590625
2 0.4 0.8991935484375 0.39784946250000003 0.875 0.380913978125 0.858064515625 0.3610215046875 0.8494623656250001 0.3405913984375 0.8521505375 0.32231182812500003 0.8639784953125 0.31290322656249997 0.8755376343749999 0.304838709375 0.8991935484375 0.30537634375 0.9142473125 0.3145161296875 0.933064515625 0.330913978125 0.9435483874999999 0.3405913984375 0.9462365593750001 0.350537634375 0.9459677421875 0.370698925 0.9397849468749999 0.3857526875 0.9290322578125 0.39139785 0.9217741937499999 0.4 0.8991935484375
2 0.43870967812500006 0.8905913984374999 0.43629032187499994 0.8876344093749999 0.423387096875 0.8870967734375 0.4110215046875 0.89139785 0.404838709375 0.8986559140624999 0.3935483875 0.922311828125 0.39032258125 0.9405913984375 0.390860215625 0.9572580640625 0.397311828125 0.9744623656250001 0.40860215 0.9825268812499999 0.4225806453125 0.9642473125000001 0.4274193546875 0.9524193546875 0.43817204375 0.9013440859375 0.43870967812500006 0.8905913984374999
2 0.31236559062499997 0.8110215046875 0.3099462359375 0.799462365625 0.30322580625 0.8045698921875 0.299462365625 0.812634409375 0.2978494625 0.819086021875 0.29892473124999996 0.830913978125 0.30322580625 0.8400537640625 0.31317204374999996 0.8521505375 0.32231182812500003 0.858064515625 0.3279569890625 0.8583333328125 0.3395161296875 0.8521505375 0.3435483875 0.8475806453124999 0.3220430109375 0.830913978125 0.31236559062499997 0.8110215046875
2 0.544086021875 0.773387096875 0.540860215625 0.76532258125 0.538709678125 0.7470430109375 0.531989246875 0.739784946875 0.5185483875 0.7333333328125 0.5024193546875 0.7333333328125 0.5 0.7379032265625 0.491935484375 0.8104838703125001 0.49247311875 0.8233870968750001 0.4943548390625 0.8268817203125 0.498387096875 0.8266129031249999 0.522311828125 0.8198924734374999 0.5376344093750001 0.7997311828125 0.5435483875 0.7862903218749999 0.544086021875 0.773387096875
2 0.5481182796875 0.8274193546875 0.5395161296875 0.8215053765624999 0.529301075 0.8198924734374999 0.5061827953125 0.8236559140624999 0.49892473125 0.827688171875 0.4975806453125 0.8322580640625 0.5120967734375 0.8360215046875 0.534139784375 0.848387096875 0.55 0.873387096875 0.55752688125 0.8658602156249999 0.5602150531250001 0.8502688171875 0.555913978125 0.837365590625 0.5481182796875 0.8274193546875
4 0.5478494625 0.870161290625 0.540860215625 0.8556451609375 0.531989246875 0.8462365593750001 0.5094086015625 0.8349462359375 0.4943548390625 0.8333333328125001 0.49032258124999994 0.8384408609375 0.48655913906250003 0.8572580640625 0.4844086015625 0.8900537640625 0.4870967734375 0.8948924734375 0.49543010781249996 0.90107526875 0.5150537640625 0.9051075265625 0.530913978125 0.90322580625 0.540860215625 0.8970430109375 0.5478494625 0.88682795625 0.5478494625 0.870161290625
1 0.7698924734375 0.613709678125 0.7731182796875 0.5954301078124999 0.7715053765625 0.5717741937499999 0.761290321875 0.5448924734375 0.7459677421875 0.5236559140625 0.7271505375 0.51182795625 0.7018817203125 0.50537634375 0.6895161296875 0.510215053125 0.6763440859375 0.529301075 0.6725806453125001 0.5534946234375 0.6752688171875 0.58037634375 0.6827956984375 0.5997311828125 0.694086021875 0.618010753125 0.7142473125000001 0.6365591390625001 0.7301075265625 0.6400537640625 0.7405913984375 0.63817204375 0.7540322578125 0.6317204296875001 0.761290321875 0.625537634375 0.7698924734375 0.613709678125
1 0.7379032265625 0.4709677421875 0.729301075 0.4650537640625 0.71639785 0.46182795624999995 0.7013440859375 0.4629032265625 0.6892473125 0.47069892500000005 0.69139785 0.48413978437500005 0.7040322578125 0.504838709375 0.731989246875 0.5139784953125 0.75107526875 0.526612903125 0.754838709375 0.518010753125 0.754301075 0.4991935484375 0.745698925 0.48037634375 0.7379032265625 0.4709677421875
1 0.6698924734375 0.4895161296875 0.662365590625 0.46424731250000006 0.65322580625 0.44919354843750003 0.6443548390625 0.44139785 0.627688171875 0.43225806406249995 0.625537634375 0.4360215046875 0.6051075265625 0.44946236562499997 0.5895161296875 0.45322580625000003 0.5706989250000001 0.45430107499999994 0.549462365625 0.475 0.5467741937499999 0.4916666671875 0.549462365625 0.5067204296875001 0.5537634406249999 0.516935484375 0.5650537640625 0.530913978125 0.5830645156250001 0.5467741937499999 0.6056451609375 0.5532258062500001 0.6317204296875001 0.5534946234375 0.635215053125 0.5526881718750001 0.6612903218749999 0.5314516125 0.6677419359375001 0.51532258125 0.6698924734375 0.4895161296875
1 0.4634408609375 0.51317204375 0.45860215000000004 0.524462365625 0.455913978125 0.5395161296875 0.45860215000000004 0.5712365593750001 0.463709678125 0.5801075265625 0.466935484375 0.5827956984375 0.4709677421875 0.58252688125 0.47580645156249995 0.530913978125 0.475 0.5021505375 0.47123655937500003 0.503763440625 0.4634408609375 0.51317204375
1 0.5817204296875 0.5497311828125 0.5806451609375001 0.5454301078125 0.5647849468749999 0.5338709671874999 0.5526881718750001 0.518010753125 0.543010753125 0.4959677421875 0.54462365625 0.48360215 0.5389784953125 0.4784946234375 0.5228494625 0.4779569890625 0.5182795703124999 0.48413978437500005 0.510215053125 0.6040322578125 0.513709678125 0.611290321875 0.5220430109375 0.612634409375 0.53037634375 0.6107526875 0.5682795703125 0.58037634375 0.5752688171875 0.569086021875 0.5817204296875 0.5497311828125
2 0.6413978499999999 0.40080645156249994 0.64247311875 0.369086021875 0.6360215046875 0.3427419359375 0.6327956984374999 0.3357526875 0.629301075 0.3333333328125 0.6142473125000001 0.337634409375 0.5771505375 0.3349462359375 0.5486559140625 0.3155913984375 0.5395161296875 0.31236559062499997 0.5279569890625 0.32607526875000004 0.5236559140625 0.3534946234375 0.5231182796875 0.38252688125 0.5274193546875 0.4045698921875 0.5376344093750001 0.41478494687499995 0.546236559375 0.427688171875 0.5620967734375 0.443010753125 0.577688171875 0.45 0.594086021875 0.4508064515625 0.6051075265625 0.448387096875 0.6177419359375 0.4389784953125 0.6333333328124999 0.418010753125 0.6413978499999999 0.40080645156249994
1 0.6865591390625 0.370161290625 0.69462365625 0.35403225781250003 0.6962365593750001 0.3454301078125 0.695161290625 0.3228494625 0.6897849468749999 0.3061827953125 0.68252688125 0.293010753125 0.6626344093750001 0.29139784999999996 0.641935484375 0.32446236562499997 0.6327956984374999 0.33252688125 0.640860215625 0.3567204296875 0.643010753125 0.374462365625 0.641935484375 0.40026881718749996 0.648387096875 0.4013440859375 0.65752688125 0.3965053765625 0.6626344093750001 0.3865591390625 0.6793010749999999 0.3768817203125 0.6865591390625 0.370161290625
3 0.76182795625 0.2395161296875 0.7639784953125 0.214784946875 0.75967741875 0.20188172031249998 0.7384408609374999 0.1784946234375 0.718010753125 0.16827957031250002 0.6948924734374999 0.1650537640625 0.669086021875 0.1698924734375 0.658064515625 0.1986559140625 0.644086021875 0.21962365625000002 0.6446236562500001 0.22392473124999998 0.65537634375 0.2400537640625 0.6602150531250001 0.25456989218750004 0.6634408609375 0.2879032265625 0.668010753125 0.29032258125 0.6801075265625001 0.29059139843750004 0.71317204375 0.2860215046875 0.729301075 0.2779569890625 0.7478494625 0.26209677343750004 0.76182795625 0.2395161296875
1 0.4779569890625 0.19005376406250002 0.48494623593749997 0.169086021875 0.4860215046875 0.1400537640625 0.47930107499999997 0.1354838703125 0.4588709671875 0.1322580640625 0.4454301078125 0.137634409375 0.41532258125 0.160215053125 0.41021505312500006 0.16639785 0.4064516125 0.176612903125 0.40537634375 0.2024193546875 0.41182795624999996 0.22016129062499998 0.41639784999999996 0.22634408593750002 0.42634408593749995 0.2314516125 0.43682795625 0.24731182812500002 0.44247311875 0.2470430109375 0.4661290328125 0.23252688125 0.4645161296875 0.219086021875 0.46666666718750005 0.20833333281250002 0.4779569890625 0.19005376406250002
1 0.4295698921875 0.035752687500000005 0.43333333281249997 0.02392473125 0.43333333281249997 0.0120967734375 0.4295698921875 0.0013440859375 0.35241935468749996 0 0.35107526875 0.0067204296875 0.352688171875 0.019086021875 0.35860215 0.035752687500000005 0.377688171875 0.059139784375000004 0.39005376406250003 0.0634408609375 0.3965053765625 0.06935483906249999 0.40107526875 0.06962365625 0.40779569843749996 0.06505376406249999 0.4134408609375 0.05564516093750001 0.4220430109375 0.0486559140625 0.4295698921875 0.035752687500000005
1 0.3228494625 0.07795698906250001 0.33413978437499997 0.0704301078125 0.34408602187500004 0.055107526562499995 0.34892473125 0.036290321874999996 0.34677419375 0.01962365625 0.34247311874999997 0.0094086015625 0.329301075 0.000537634375 0.3013440859375 0 0.26747311875 0.004301075 0.2639784953125 0.0072580640625 0.2607526875 0.014784946875 0.2564516125 0.042204301562500005 0.2629032265625 0.0599462359375 0.2911290328125 0.09032258125 0.2975806453125 0.093010753125 0.303763440625 0.09274193593749999 0.30860215 0.0905913984375 0.30967741875 0.08575268750000001 0.3142473125 0.0801075265625 0.3228494625 0.07795698906250001
3 0.66182795625 0.28682795625 0.6612903218749999 0.26209677343750004 0.658064515625 0.24758064531250001 0.65107526875 0.23306451562500002 0.6416666671875 0.2215053765625 0.6271505375 0.210215053125 0.6034946234375 0.197311828125 0.57392473125 0.19247311875 0.5604838703125 0.19247311875 0.5481182796875 0.195161290625 0.53360215 0.20322580625 0.5220430109375 0.21532258125 0.5172043015625001 0.22392473124999998 0.512365590625 0.26209677343750004 0.5177419359375001 0.28252688125000003 0.5231182796875 0.2927419359375 0.53252688125 0.303763440625 0.575537634375 0.3338709671875 0.5873655906249999 0.3365591390625 0.612365590625 0.33682795625 0.6271505375 0.3322580640625 0.6395161296875 0.3247311828125 0.65752688125 0.2991935484375 0.66182795625 0.28682795625