2 0.43387096718749996 0.0911290328125 0.4354838703125 0.07284946249999999 0.4279569890625 0.049731182812500004 0.41370967812500004 0.0360215046875 0.3916666671875 0.0279569890625 0.364784946875 0.0279569890625 0.34489247343749996 0.0322580640625 0.33252688125 0.037634409375 0.319086021875 0.0478494625 0.30752688125 0.0604838703125 0.299462365625 0.078763440625 0.299462365625 0.0938172046875 0.30268817187499997 0.1061827953125 0.31693548437499997 0.1252688171875 0.329301075 0.1327956984375 0.34435483906250003 0.13817204375 0.3715053765625 0.1389784953125 0.39758064531250004 0.1322580640625 0.4104838703125 0.1252688171875 0.4301075265625 0.1002688171875 0.43387096718749996 0.0911290328125
2 0.26720430156249997 0.224462365625 0.2661290328125 0.21586021562500002 0.26182795625 0.2094086015625 0.2551075265625 0.20322580625 0.23037634375 0.204838709375 0.21209677343750002 0.20215053749999998 0.1965053765625 0.193010753125 0.19220430156249999 0.193010753125 0.187365590625 0.19677419375 0.1661290328125 0.218010753125 0.15806451562499998 0.2314516125 0.15537634375 0.24059139843750002 0.15537634375 0.2577956984375 0.160215053125 0.27284946250000003 0.16962365625 0.2774193546875 0.1768817203125 0.277688171875 0.187365590625 0.2752688171875 0.21263440937500003 0.2639784953125 0.25833333281250004 0.2349462359375 0.26720430156249997 0.224462365625
2 0.6188172046875 0.1040322578125 0.6177419359375 0.087365590625 0.610215053125 0.06532258125 0.600537634375 0.0508064515625 0.5900537640625 0.039784946875 0.575537634375 0.029569892187500002 0.5620967734375 0.0247311828125 0.5400537640625 0.0236559140625 0.522311828125 0.0306451609375 0.50537634375 0.0481182796875 0.495698925 0.07284946249999999 0.49731182812499997 0.10564516093750001 0.5145161296875 0.136290321875 0.5287634406249999 0.14892473125 0.5416666671875 0.1564516125 0.5677419359375 0.1594086015625 0.5879032265624999 0.154301075 0.6053763437499999 0.1395161296875 0.6172043015625001 0.115860215625 0.6188172046875 0.1040322578125
2 0.6838709671875 0.073387096875 0.6838709671875 0.0588709671875 0.6795698921875 0.042741935937499996 0.6706989250000001 0.029569892187500002 0.6508064515624999 0.0166666671875 0.627688171875 0.011290321875 0.6083333328125 0.0107526875 0.5938172046875 0.0129032265625 0.578763440625 0.0204301078125 0.5747311828125 0.028225806250000002 0.5927419359375 0.041935484375 0.6064516125 0.0588709671875 0.6145161296875 0.074462365625 0.6177419359375 0.08682795625 0.6177419359375 0.11532258124999999 0.621236559375 0.1182795703125 0.6311827953125 0.1185483875 0.6572580640625 0.1129032265625 0.66639785 0.106989246875 0.6741935484375 0.0981182796875 0.6838709671875 0.073387096875
2 0.5887096781250001 0.1567204296875 0.584139784375 0.15537634375 0.5685483875 0.15967741875000002 0.5454301078125 0.15752688125 0.530913978125 0.150537634375 0.513709678125 0.13709677343749999 0.51182795625 0.1879032265625 0.525537634375 0.19193548437500002 0.540860215625 0.1916666671875 0.5583333328125 0.1892473125 0.570161290625 0.1833333328125 0.5774193546874999 0.176612903125 0.5887096781250001 0.1567204296875
2 0.518010753125 0 0.5139784953125 0.0034946234375000003 0.516935484375 0.0107526875 0.5314516125 0.0204301078125 0.5379032265625 0.0225806453125 0.5612903218749999 0.023387096875 0.575537634375 0.0204301078125 0.5879032265624999 0.015053764062499999 0.60752688125 0.0002688171875 0.518010753125 0
1 0.2236559140625 0.9303763437500001 0.23333333281250002 0.9077956984375 0.2354838703125 0.879838709375 0.2284946234375 0.8551075265625 0.2142473125 0.8349462359375 0.20080645156250002 0.8274193546875 0.18037634375 0.8225806453125 0.166935484375 0.8220430109375 0.1534946234375 0.8252688171875 0.141935484375 0.8400537640625 0.1241935484375 0.8776881718749999 0.1145161296875 0.9137096781249999 0.1247311828125 0.9357526875 0.137365590625 0.9483870968750001 0.1567204296875 0.959139784375 0.16747311874999998 0.96182795625 0.1768817203125 0.9615591390624999 0.1884408609375 0.959139784375 0.20295698906249998 0.9521505375 0.2145161296875 0.9422043015625 0.2236559140625 0.9303763437500001
1 0.43118279531250003 0.427688171875 0.43064516093750005 0.4115591390625 0.4279569890625 0.4040322578125 0.423387096875 0.399462365625 0.41559139843750004 0.3986559140625 0.41881720468749994 0.3911290328125 0.4120967734375 0.38387096718749997 0.35967741875 0.42392473124999996 0.341935484375 0.45725806406249997 0.33440860156249996 0.46747311874999997 0.33440860156249996 0.47069892500000005 0.337365590625 0.47311827968750003 0.3620967734375 0.48225806406249994 0.3731182796875 0.48413978437500005 0.39220430156249997 0.48172042968750006 0.40779569843749996 0.47473118281250004 0.42634408593749995 0.4534946234375 0.43118279531250003 0.427688171875
1 0.700537634375 0.3551075265625 0.7080645156250001 0.3357526875 0.709139784375 0.321236559375 0.70752688125 0.30887096718749996 0.700537634375 0.2895161296875 0.6776881718750001 0.2693548390625 0.6513440859374999 0.25967741875 0.628763440625 0.2607526875 0.6072580640624999 0.2720430109375 0.5973118281249999 0.281989246875 0.5838709671875 0.3008064515625 0.5774193546874999 0.314784946875 0.5736559140625 0.330913978125 0.5741935484375 0.3529569890625 0.5790322578125 0.36639784999999997 0.5870967734375 0.3771505375 0.590860215625 0.38844086093749997 0.5981182796875 0.3935483875 0.61317204375 0.39892473125 0.6365591390625001 0.3991935484375 0.6481182796875 0.39677419375 0.6669354843749999 0.388709678125 0.6814516125 0.3768817203125 0.700537634375 0.3551075265625
1 1 0.47983870937499995 0.9943548390625001 0.47526881718749997 0.9846774187499999 0.4736559140625 0.966935484375 0.4784946234375 0.9548387093749999 0.4905913984375 0.9505376343749999 0.5018817203125 0.95 0.520161290625 0.9564516125000001 0.5438172046874999 0.96532258125 0.554838709375 0.9814516125000001 0.5639784953125 0.995161290625 0.5642473125 1 0.562634409375 1 0.47983870937499995
1 1 0.20080645156250002 0.9970430109375 0.1978494625 0.970161290625 0.2064516125 0.9465053765624999 0.204301075 0.944086021875 0.2056451609375 0.94892473125 0.22607526875 0.959139784375 0.2513440859375 0.963709678125 0.255913978125 0.9763440859375001 0.2567204296875 0.9884408609375 0.253763440625 1 0.2400537640625 1 0.20080645156250002
1 1 0.13252688125 0.9873655906250001 0.1231182796875 0.9663978500000001 0.1161290328125 0.9502688171875 0.11559139843749999 0.937365590625 0.1177419359375 0.9271505375 0.1231182796875 0.9123655906250001 0.1389784953125 0.9075268812499999 0.1524193546875 0.909139784375 0.16962365625 0.9201612906250001 0.187634409375 0.9438172046875 0.202688171875 0.9551075265625 0.20537634374999997 0.9720430109375 0.2056451609375 0.9879032265625 0.20161290312500002 1 0.1916666671875 1 0.13252688125
1 0.940860215625 0.2599462359375 0.941935484375 0.24435483906250002 0.937634409375 0.22930107500000002 0.9266129031249999 0.21881720468750002 0.9215053765624999 0.22177419375000001 0.9102150531250001 0.2395161296875 0.8965053765625 0.25107526875 0.878763440625 0.25913978437499996 0.85322580625 0.26263440937500004 0.8526881718749999 0.266935484375 0.85860215 0.2814516125 0.8696236562499999 0.293010753125 0.8846774187499999 0.3 0.9075268812499999 0.3013440859375 0.9185483874999999 0.297311828125 0.9295698921875 0.287365590625 0.9365591390624999 0.27607526875 0.940860215625 0.2599462359375
1 0.9209677421875 0.22338709687499997 0.9236559140624999 0.213709678125 0.9231182796875 0.1916666671875 0.9061827953125 0.16827957031250002 0.8916666671875 0.16559139843749998 0.8706989249999999 0.16559139843749998 0.8561827953125001 0.1704301078125 0.8354838703125 0.1857526875 0.8252688171875 0.20295698906249998 0.8220430109375 0.22016129062499998 0.8322580640625 0.2465053765625 0.8465053765624999 0.25752688125 0.8551075265625 0.2607526875 0.8639784953125 0.2604838703125 0.879838709375 0.25860215000000003 0.8991935484375 0.249462365625 0.9155913984374999 0.23306451562500002 0.9209677421875 0.22338709687499997
1 0.86317204375 0.1677419359375 0.87607526875 0.1650537640625 0.8758064515624999 0.1604838703125 0.87177419375 0.1564516125 0.8577956984374999 0.150537634375 0.834139784375 0.15215053750000002 0.8120967734375 0.160215053125 0.8032258062500001 0.16747311874999998 0.796236559375 0.18360215 0.7967741937499999 0.2002688171875 0.8088709671875 0.2161290328125 0.8204301078125 0.22016129062499998 0.8252688171875 0.20295698906249998 0.8338709671875 0.1879032265625 0.8502688171875 0.1736559140625 0.86317204375 0.1677419359375
3 0.5064516125 0.12284946249999999 0.5024193546875 0.1182795703125 0.49865591406250004 0.1177419359375 0.5021505375 0.18360215 0.5064516125 0.1932795703125 0.5129032265625 0.175 0.5134408609375 0.1448924734375 0.511290321875 0.133064515625 0.5064516125 0.12284946249999999
3 0.4661290328125 0.0970430109375 0.46317204375000004 0.09462365625 0.4497311828125 0.09408602187500001 0.43306451562500003 0.09946236562500001 0.41182795624999996 0.125 0.404838709375 0.137365590625 0.4 0.1685483875 0.4 0.180913978125 0.40537634375 0.2034946234375 0.4228494625 0.22634408593750002 0.43306451562500003 0.2317204296875 0.45537634374999997 0.234139784375 0.4685483875 0.2317204296875 0.47311827968750003 0.22768817187499998 0.47311827968750003 0.19381720468750002 0.4661290328125 0.0970430109375