4 0.6764322921875 0.58642578125 0.6787109375 0.58056640625 0.6787109375 0.5694986984375 0.6748046875 0.56005859375 0.66748046875 0.5540364578125 0.65869140625 0.5504557296875 0.6476236984375 0.55078125 0.6355794265625 0.5572916671875 0.6246744796875 0.5701497390625 0.6204427078125 0.5808919265625 0.619140625 0.5929361984375 0.6233723953125 0.6036783859375 0.63232421875 0.6103515625 0.64453125 0.61181640625 0.65478515625 0.6090494796875 0.6619466140625 0.6038411453125 0.6712239578125 0.59423828125 0.6764322921875 0.58642578125
4 0.6998697921875 0.6619466140625 0.7001953125 0.6544596359375 0.6969401046875 0.64306640625 0.69140625 0.63525390625 0.6857096359375 0.6302083328125 0.66552734375 0.6184895828125 0.64697265625 0.6171875 0.64111328125 0.6197916671875 0.6331380203125 0.6258138015625 0.6285807296875 0.6355794265625 0.6305338546875 0.6463216140625 0.6360677078125 0.65771484375 0.63916015625 0.6588541671875 0.6402994796875 0.66259765625 0.6531575515625 0.6731770828125 0.6671549484375 0.6803385421875 0.6751302078125 0.68115234375 0.6785481765625 0.6809895828125 0.6902669265625 0.6748046875 0.6982421875 0.66650390625 0.6998697921875 0.6619466140625
4 0.6487630203125 0.6873372390625 0.6477864578125 0.68115234375 0.63427734375 0.6572265625 0.61669921875 0.646484375 0.6095377609375 0.646484375 0.5997721359375 0.654296875 0.59228515625 0.65625 0.5891927078125 0.6590169265625 0.5885416671875 0.6658528640625 0.5934244796875 0.6873372390625 0.5999348953125 0.6980794265625 0.6095377609375 0.7076822921875 0.6199544265625 0.7119140625 0.6292317703125 0.7120768234375 0.63720703125 0.7099609375 0.6429036453125 0.7042643234375 0.6477864578125 0.6941731765625 0.6487630203125 0.6873372390625
4 0.5914713546875 0.6785481765625 0.5862630203125 0.6648763015625 0.58056640625 0.6578776046875 0.5760091140625 0.6549479171875 0.5646158859375 0.6529947921875 0.5555013015625 0.6572265625 0.5475260421875 0.66748046875 0.5439453125 0.67822265625 0.5439453125 0.69384765625 0.5475260421875 0.7042643234375 0.5555013015625 0.7132161453125 0.56787109375 0.7197265625 0.5748697921875 0.72021484375 0.58056640625 0.7177734375 0.5862630203125 0.7088216140625 0.5911458328125 0.69091796875 0.5914713546875 0.6785481765625
4 0.5485026046875 0.6658528640625 0.5485026046875 0.66162109375 0.5452473953125 0.6583658859375 0.5419921875 0.6515299484375 0.5403645828125 0.64013671875 0.5359700515625 0.634765625 0.5323893234375 0.6328125 0.5167643234375 0.6324869796875 0.49951171875 0.6376953125 0.4895833328125 0.64599609375 0.4830729171875 0.6590169265625 0.4817708328125 0.67138671875 0.4890950515625 0.6829427078125 0.4959309890625 0.6865234375 0.5047200515625 0.6888020828125 0.5159505203125 0.68896484375 0.52685546875 0.6861979171875 0.5372721359375 0.6803385421875 0.5439453125 0.6746419265625 0.5485026046875 0.6658528640625
4 0.5823567703125 0.3790690109375 0.580078125 0.3693033859375 0.57373046875 0.3603515625 0.56884765625 0.3580729171875 0.5564778640625 0.357421875 0.5447591140625 0.3619791671875 0.53125 0.37353515625 0.5231119796875 0.3888346359375 0.5208333328125 0.39599609375 0.5208333328125 0.4002278640625 0.52197265625 0.4010416671875 0.5340169265625 0.3994140625 0.5408528640625 0.4013671875 0.54833984375 0.4059244796875 0.552734375 0.4103190109375 0.55810546875 0.4202473953125 0.5611979171875 0.42041015625 0.5699869796875 0.4109700515625 0.5768229171875 0.40087890625 0.5813802078125 0.3894856765625 0.5823567703125 0.3790690109375
4 0.6080729171875 0.4581705734375 0.6123046875 0.4503580734375 0.6136067703125 0.43994140625 0.6100260421875 0.4314778640625 0.6053059890625 0.4270833328125 0.59619140625 0.4228515625 0.58837890625 0.4212239578125 0.56103515625 0.4225260421875 0.5579427078125 0.4249674484375 0.5520833328125 0.4415690109375 0.5390625 0.45947265625 0.5411783859375 0.4615885421875 0.55517578125 0.4664713546875 0.56884765625 0.4749348953125 0.5732421875 0.4763997390625 0.58447265625 0.474609375 0.5939127609375 0.470703125 0.60009765625 0.4664713546875 0.6080729171875 0.4581705734375
4 0.5833333328125 0.5144856765625 0.5826822921875 0.4978841140625 0.5774739578125 0.4855143234375 0.5725911453125 0.4786783859375 0.5646158859375 0.4716796875 0.54638671875 0.4632161453125 0.53759765625 0.4609375 0.52978515625 0.4641927078125 0.51708984375 0.4658203125 0.509765625 0.4734700515625 0.5065104171875 0.4835611984375 0.5074869796875 0.49072265625 0.5152994796875 0.50634765625 0.5226236984375 0.5152994796875 0.53173828125 0.5218098953125 0.54443359375 0.52734375 0.5540364578125 0.52880859375 0.56005859375 0.5283203125 0.57177734375 0.5247395828125 0.5782877609375 0.5211588546875 0.5833333328125 0.5144856765625
4 0.5120442703125 0.53173828125 0.5104166671875 0.51708984375 0.5061848953125 0.50537109375 0.5027669265625 0.5035807296875 0.4939778640625 0.5042317703125 0.4913736984375 0.5029296875 0.48828125 0.4982096359375 0.4866536453125 0.4900716140625 0.48193359375 0.4879557296875 0.4752604171875 0.4913736984375 0.4733072921875 0.5027669265625 0.4700520828125 0.5099283859375 0.4615885421875 0.5226236984375 0.453125 0.52978515625 0.4527994796875 0.5340169265625 0.4567057296875 0.5457356765625 0.4669596359375 0.5576171875 0.4773763015625 0.5634765625 0.4840494796875 0.5642903640625 0.4933268234375 0.5625 0.5035807296875 0.5555013015625 0.5104166671875 0.54345703125 0.5120442703125 0.53173828125
4 0.4733072921875 0.49951171875 0.4733072921875 0.48974609375 0.4705403640625 0.4827473953125 0.45751953125 0.4801432296875 0.4435221359375 0.470703125 0.4295247390625 0.4755859375 0.4142252609375 0.4850260421875 0.40625 0.49560546875 0.4013671875 0.50634765625 0.4010416671875 0.51806640625 0.4039713546875 0.5291341140625 0.4119466140625 0.5354817703125 0.42138671875 0.5380859375 0.4319661453125 0.5382486984375 0.4441731765625 0.5348307296875 0.45849609375 0.525390625 0.4700520828125 0.5099283859375 0.4733072921875 0.49951171875
4 0.5003255203125 0.4422200515625 0.4967447921875 0.4337565109375 0.4890950515625 0.4254557296875 0.4812825515625 0.4202473953125 0.46630859375 0.41796875 0.4510091140625 0.4205729171875 0.4425455734375 0.4261067703125 0.4352213546875 0.4353841140625 0.4329427078125 0.4454752609375 0.4339192703125 0.4552408859375 0.44140625 0.4685872390625 0.45263671875 0.4775390625 0.46337890625 0.4811197921875 0.4742838546875 0.4812825515625 0.4894205734375 0.4759114578125 0.4977213546875 0.46826171875 0.501953125 0.4549153640625 0.5003255203125 0.4422200515625
4 0.3147786453125 0.31982421875 0.29833984375 0.3128255203125 0.2892252609375 0.3063151046875 0.2822265625 0.29833984375 0.2775065109375 0.2845052078125 0.2706705734375 0.2848307296875 0.25830078125 0.2906901046875 0.25390625 0.29443359375 0.2470703125 0.3045247390625 0.24576822968749998 0.31201171875 0.24967447968749998 0.3204752609375 0.25927734375 0.3307291671875 0.27099609375 0.3382161453125 0.2853190109375 0.3411458328125 0.2945963546875 0.3409830734375 0.3074544265625 0.337890625 0.3102213546875 0.33544921875 0.3157552078125 0.3221028640625 0.3147786453125 0.31982421875
4 0.35546875 0.28955078125 0.35546875 0.2853190109375 0.3525390625 0.2771809890625 0.3478190109375 0.271484375 0.33544921875 0.2630208328125 0.31787109375 0.255859375 0.3028971359375 0.2548828125 0.29052734375 0.2594401046875 0.2819010421875 0.2667643234375 0.2786458328125 0.2745768234375 0.2783203125 0.28662109375 0.2822265625 0.2980143234375 0.2888997390625 0.3059895828125 0.29931640625 0.3134765625 0.31494140625 0.3193359375 0.3264973953125 0.3194986984375 0.33447265625 0.3180338546875 0.3429361984375 0.3138020828125 0.3509114578125 0.30517578125 0.35546875 0.28955078125
4 0.3740234375 0.3494466140625 0.3714192703125 0.3338216140625 0.3623046875 0.31591796875 0.3572591140625 0.3098958328125 0.3536783859375 0.3079427078125 0.3494466140625 0.3089192703125 0.3396809890625 0.3160807296875 0.3331705734375 0.3190104171875 0.31787109375 0.3209635421875 0.3128255203125 0.32861328125 0.3095703125 0.3409830734375 0.3108723953125 0.3601888015625 0.3170572921875 0.3728841140625 0.3321940109375 0.3863932296875 0.3377278640625 0.3883463546875 0.34375 0.3885091140625 0.35791015625 0.3837890625 0.3675130203125 0.3738606765625 0.3714192703125 0.3640950515625 0.3740234375 0.3494466140625
4 0.4296875 0.32958984375 0.4309895828125 0.3221028640625 0.4300130203125 0.31787109375 0.42041015625 0.3056640625 0.4041341140625 0.2926432296875 0.3972981765625 0.2906901046875 0.3839518234375 0.29296875 0.37744140625 0.2923177078125 0.3728841140625 0.2903645828125 0.3689778640625 0.2913411453125 0.3642578125 0.3006184890625 0.3629557296875 0.3077799484375 0.3639322921875 0.31787109375 0.3688151046875 0.32861328125 0.3751627609375 0.3356119796875 0.38525390625 0.341796875 0.39404296875 0.3450520828125 0.4033203125 0.3455403640625 0.41162109375 0.3444010421875 0.42041015625 0.3411458328125 0.4235026046875 0.3387044265625 0.4296875 0.32958984375
4 0.39453125 0.1954752609375 0.3896484375 0.1866861984375 0.3855794265625 0.1842447921875 0.3767903640625 0.1826171875 0.3595377609375 0.1875 0.34765625 0.1974283859375 0.3424479171875 0.20524088593749998 0.3382161453125 0.21956380156250002 0.3385416671875 0.23486328125 0.3421223953125 0.24365234375 0.3460286453125 0.24918619843749998 0.35205078125 0.2542317703125 0.3580729171875 0.2556966140625 0.3689778640625 0.2431640625 0.3846028640625 0.23470052031250002 0.3909505203125 0.22347005156250002 0.39453125 0.1954752609375
4 0.4153645828125 0.2713216140625 0.4173177078125 0.2638346359375 0.41796875 0.2511393234375 0.4153645828125 0.24462890625 0.40966796875 0.2392578125 0.3986002609375 0.23567708281250002 0.3849283859375 0.2353515625 0.36865234375 0.24348958281250002 0.3590494796875 0.2560221359375 0.3567708328125 0.2683919265625 0.3583984375 0.2765299484375 0.3623046875 0.28369140625 0.37548828125 0.2916666671875 0.3854166671875 0.29248046875 0.39599609375 0.2903645828125 0.40185546875 0.2874348953125 0.4098307296875 0.2804361984375 0.4153645828125 0.2713216140625
4 0.4827473953125 0.2648111984375 0.4791666671875 0.2540690109375 0.470703125 0.24300130156250002 0.4581705734375 0.23209635468749998 0.4392903640625 0.23046875 0.4220377609375 0.2353515625 0.4140625 0.24332682343749998 0.41796875 0.2508138015625 0.41796875 0.2609049484375 0.4156901046875 0.2745768234375 0.4173177078125 0.2820638015625 0.42138671875 0.2867838546875 0.4347330734375 0.2945963546875 0.44580078125 0.296875 0.455078125 0.2967122390625 0.4689127609375 0.2916666671875 0.474609375 0.28662109375 0.4794921875 0.2794596359375 0.4827473953125 0.2648111984375
4 0.4684244796875 0.3338216140625 0.4680989578125 0.3253580734375 0.4632161453125 0.3087565109375 0.4552408859375 0.2978515625 0.4386393234375 0.2958984375 0.4200846359375 0.2884114578125 0.4129231765625 0.2893880203125 0.4085286453125 0.2941080734375 0.4163411453125 0.29833984375 0.4169921875 0.30224609375 0.4241536453125 0.3097330734375 0.4309895828125 0.32080078125 0.4300130203125 0.32958984375 0.4254557296875 0.33740234375 0.4215494796875 0.34130859375 0.4249674484375 0.3453776046875 0.43896484375 0.3548177078125 0.44384765625 0.357421875 0.4498697921875 0.3575846359375 0.4568684890625 0.3538411453125 0.462890625 0.3478190109375 0.4671223953125 0.34130859375 0.4684244796875 0.3338216140625
4 0.5133463546875 0.2628580734375 0.5126953125 0.25537109375 0.5104166671875 0.2501627609375 0.5022786453125 0.24072265625 0.49462890625 0.23502604218749998 0.4825846359375 0.23079427031250002 0.4754231765625 0.22981770781250002 0.4637044265625 0.23046875 0.4609375 0.23160807343749998 0.4619140625 0.23518880156250002 0.4703776046875 0.24235026093749998 0.4778645828125 0.2517903640625 0.482421875 0.2625325515625 0.4807942703125 0.27685546875 0.4742838546875 0.28759765625 0.4694010421875 0.29052734375 0.4715169265625 0.29296875 0.4752604171875 0.29345703125 0.4861653640625 0.291015625 0.4954427078125 0.28564453125 0.5123697921875 0.2648111984375 0.5133463546875 0.2628580734375
4 0.45654296875 0.2314453125 0.4591471359375 0.23111979218749998 0.4609375 0.22932942656250002 0.4674479171875 0.21695963593749998 0.4694010421875 0.20361328125 0.466796875 0.19287109375 0.4632161453125 0.1863606765625 0.4597981765625 0.1829427078125 0.4552408859375 0.1803385421875 0.4471028640625 0.1783854171875 0.43505859375 0.1780598953125 0.4249674484375 0.1813151046875 0.4130859375 0.1905924484375 0.4010416671875 0.20914713593749998 0.3977864578125 0.21761067656250002 0.3974609375 0.22379557343749998 0.4000651046875 0.23323567656250002 0.4021809890625 0.23567708281250002 0.4119466140625 0.24055989531250002 0.4143880203125 0.24039713593749998 0.42236328125 0.2353515625 0.4318033859375 0.23177083281250002 0.4392903640625 0.23046875 0.45654296875 0.2314453125
4 0.3492838546875 0.1375325515625 0.3466796875 0.12548828125 0.33984375 0.1150716140625 0.3318684890625 0.1070963546875 0.32275390625 0.1009114578125 0.3068033859375 0.0947265625 0.2960611984375 0.09440104218749999 0.2945963546875 0.09651692656250001 0.2926432296875 0.1121419265625 0.2897135421875 0.1180013015625 0.2828776046875 0.1258138015625 0.283203125 0.12939453125 0.3103841140625 0.1650390625 0.3225911453125 0.16748046875 0.33740234375 0.1627604171875 0.3463541671875 0.1531575515625 0.3492838546875 0.1453450515625 0.3492838546875 0.1375325515625
4 0.2906901046875 0.15673828125 0.2861328125 0.1476236984375 0.2755533859375 0.1380208328125 0.2550455734375 0.1272786453125 0.24625651093749998 0.1272786453125 0.23958333281250002 0.1316731765625 0.2373046875 0.1398111984375 0.22981770781250002 0.1531575515625 0.23274739531250002 0.1612955734375 0.23958333281250002 0.17138671875 0.24853515625 0.1783854171875 0.2589518234375 0.1826171875 0.2679036453125 0.1834309890625 0.2762044265625 0.1819661453125 0.2874348953125 0.1730143234375 0.2916666671875 0.1609700515625 0.2906901046875 0.15673828125
4 0.23372395781250002 0.1964518234375 0.2353515625 0.1863606765625 0.23860677031250002 0.1765950515625 0.23795572968749998 0.17041015625 0.2353515625 0.1681315109375 0.22770182343749998 0.1552734375 0.21272786406250002 0.1604817703125 0.20621744843749998 0.1614583328125 0.1951497390625 0.1608072921875 0.18505859375 0.1575520828125 0.18115234375 0.158203125 0.177734375 0.1717122390625 0.1774088546875 0.1818033859375 0.1783854171875 0.1886393234375 0.1813151046875 0.1961263015625 0.1961263015625 0.2138671875 0.20393880156250002 0.216796875 0.21158854218749998 0.21663411406250002 0.21598307343749998 0.21549479218749998 0.22379557343749998 0.21061197968749998 0.23014322968749998 0.20328776093749998 0.23372395781250002 0.1964518234375
4 0.23828125 0.1339518234375 0.23763020781250002 0.1212565109375 0.2333984375 0.1062825515625 0.22444661406250002 0.09602864531250001 0.21044921875 0.0908203125 0.1964518234375 0.0908203125 0.1837565109375 0.09602864531250001 0.173828125 0.1053059890625 0.1712239578125 0.10986328125 0.1695963546875 0.1180013015625 0.1702473953125 0.1346028640625 0.1728515625 0.1453450515625 0.1818033859375 0.1559244796875 0.1951497390625 0.1608072921875 0.20638020781250002 0.1612955734375 0.21533203125 0.1595052078125 0.22379557343749998 0.1552734375 0.23372395781250002 0.14599609375 0.23828125 0.1339518234375
4 0.1975911453125 0.09033203125 0.1966145828125 0.08642578125 0.193359375 0.08186848906250001 0.1853841140625 0.07421875 0.1739908859375 0.06705729218749999 0.1661783859375 0.06315104218749999 0.1534830734375 0.0595703125 0.1375325515625 0.0595703125 0.1280924484375 0.06282552031250001 0.1238606765625 0.06575520781250001 0.1201171875 0.07080078125 0.1178385421875 0.07991536406250001 0.1217447921875 0.09521484375 0.1266276046875 0.1033528640625 0.1339518234375 0.1110026046875 0.1433919265625 0.1162109375 0.15771484375 0.1201171875 0.1689453125 0.1209309890625 0.1728515625 0.1066080734375 0.1770833328125 0.1007486984375 0.1837565109375 0.095703125 0.1975911453125 0.09033203125
4 0.2939453125 0.09293619843749999 0.2897135421875 0.08251953125 0.2823893234375 0.0751953125 0.2706705734375 0.07063802031250001 0.25830078125 0.0703125 0.2535807296875 0.07340494843749999 0.24641927031250002 0.08317057343749999 0.24251302031250002 0.09749348906250001 0.24251302031250002 0.1101888015625 0.2490234375 0.12060546875 0.2537434890625 0.1256510421875 0.2618815109375 0.1292317703125 0.2711588546875 0.1290690109375 0.2823893234375 0.1256510421875 0.2897135421875 0.11767578125 0.2936197921875 0.1072591140625 0.2939453125 0.09293619843749999
4 0.3134765625 0.0353190109375 0.3082682296875 0.01904296875 0.3015950515625 0.010416667187500001 0.2976888015625 0.0078125 0.28955078125 0.0052083328125 0.27490234375 0.0055338546875 0.2683919265625 0.008138020312499999 0.26318359375 0.012044270312499999 0.2574869796875 0.0193684890625 0.2542317703125 0.0262044265625 0.24934895781250002 0.0457356765625 0.25 0.06201171875 0.2550455734375 0.06966145781250001 0.2722981765625 0.07096354218749999 0.2814127609375 0.07454427031250001 0.2906901046875 0.08089192656250001 0.3019205734375 0.072265625 0.3092447921875 0.06266276093749999 0.3141276046875 0.0489908859375 0.3134765625 0.0353190109375
4 0.830078125 0.04736328125 0.83203125 0.0431315109375 0.8356119796874999 0.0301106765625 0.8356119796874999 0.0196940109375 0.8330078125 0.007975260937500001 0.8260091140625001 0.0003255203125 0.80322265625 0 0.80029296875 0.0013020828125 0.7880859375 0.010579426562499999 0.7822265625 0.0187174484375 0.77734375 0.02978515625 0.7734375 0.0450846359375 0.7727864578125 0.05875651093749999 0.7805989578125 0.07470703125 0.78857421875 0.080078125 0.7939453125 0.08089192656250001 0.79931640625 0.080078125 0.8133138015625001 0.0712890625 0.8199869796874999 0.05908203125 0.830078125 0.04736328125
4 0.8707682296874999 0.1375325515625 0.8688151046874999 0.12255859375 0.861328125 0.1111653640625 0.85498046875 0.1061197921875 0.8474934890625001 0.1028645828125 0.83544921875 0.1009114578125 0.8234049484374999 0.1044921875 0.8173828125 0.1082356765625 0.8170572921874999 0.11962890625 0.8141276046874999 0.13037109375 0.8118489578125001 0.1355794265625 0.8046875 0.14501953125 0.8053385421874999 0.1531575515625 0.8146158859374999 0.1676432296875 0.8234049484374999 0.1712239578125 0.8349609375 0.1717122390625 0.84716796875 0.1695963546875 0.85888671875 0.1640625 0.8662109375 0.15283203125 0.8707682296874999 0.1375325515625
4 0.8170572921874999 0.1189778640625 0.81640625 0.1095377609375 0.8118489578125001 0.09977213593749999 0.8074544265625001 0.09505208281250001 0.8006184890625001 0.0908203125 0.79150390625 0.08821614531250001 0.7823893234375 0.08951822968749999 0.7762044265625 0.09244791718749999 0.7591145828125 0.1095377609375 0.7578125 0.1134440109375 0.7574869796875 0.1241861984375 0.7599283859375 0.1272786453125 0.7843424484375 0.1276041671875 0.787109375 0.12939453125 0.7867838546875 0.1329752609375 0.78466796875 0.134765625 0.7732747390625 0.1315104171875 0.7654622390625 0.1321614578125 0.76171875 0.13623046875 0.7600911453125 0.1407877609375 0.7607421875 0.1456705734375 0.7664388015625 0.1510416671875 0.77783203125 0.1549479171875 0.7854817703125 0.1551106765625 0.7950846359375 0.15234375 0.806640625 0.14208984375 0.8128255203125001 0.1336263015625 0.8170572921874999 0.1189778640625